age_group,education,income_poverty,doctor_recc_h1n1,health_worker,Predicted_Probability,Predicted_Vaccinated,Actual_Vaccinated,Risk_Score
35 - 44 Years,College Graduate,"> $75,000",1.0,0.0,0.625655586526629,1,1,0.374344413473371
35 - 44 Years,Some College,"<= $75,000, Above Poverty",1.0,1.0,0.9706535220836303,1,1,0.029346477916369684
65+ Years,Some College,"<= $75,000, Above Poverty",0.0,0.0,0.1392988786511877,0,0,0.8607011213488123
18 - 34 Years,College Graduate,"<= $75,000, Above Poverty",1.0,0.0,0.921060847176485,1,0,0.07893915282351505
35 - 44 Years,College Graduate,"<= $75,000, Above Poverty",0.0,0.0,0.19797467857407927,0,0,0.8020253214259208
45 - 54 Years,Some College,"<= $75,000, Above Poverty",0.0,0.0,0.3243556596278997,0,0,0.6756443403721003
55 - 64 Years,Some College,"> $75,000",0.0,0.0,0.49317027042536404,1,0,0.506829729574636
35 - 44 Years,College Graduate,"<= $75,000, Above Poverty",1.0,0.0,0.6779385778862264,1,1,0.32206142211377364
65+ Years,< 12 Years,Below Poverty,0.0,0.0,0.21935944411990593,0,0,0.7806405558800941
45 - 54 Years,< 12 Years,"<= $75,000, Above Poverty",0.0,0.0,0.26137314991685046,0,0,0.7386268500831495
55 - 64 Years,Some College,"<= $75,000, Above Poverty",1.0,1.0,0.9414862850315946,1,1,0.058513714968405406
35 - 44 Years,Some College,"> $75,000",0.0,0.0,0.14555534300128728,0,0,0.8544446569987127
18 - 34 Years,12 Years,"<= $75,000, Above Poverty",0.0,0.0,0.2629900327730649,0,0,0.7370099672269351
65+ Years,College Graduate,"<= $75,000, Above Poverty",1.0,0.0,0.802322947260884,1,0,0.19767705273911595
18 - 34 Years,Some College,"<= $75,000, Above Poverty",1.0,1.0,0.870013171671785,1,1,0.12998682832821495
35 - 44 Years,College Graduate,"> $75,000",0.0,0.0,0.27018349778024564,0,0,0.7298165022197544
18 - 34 Years,Some College,"<= $75,000, Above Poverty",0.0,0.0,0.2821846615440965,0,0,0.7178153384559035
65+ Years,College Graduate,"<= $75,000, Above Poverty",0.0,0.0,0.34013243962932815,0,0,0.6598675603706718
65+ Years,< 12 Years,Below Poverty,1.0,0.0,0.8427972125168274,1,1,0.15720278748317262
35 - 44 Years,College Graduate,"<= $75,000, Above Poverty",0.0,1.0,0.5492883537738957,1,0,0.45071164622610427
55 - 64 Years,College Graduate,"> $75,000",0.0,0.0,0.16344030875507237,0,0,0.8365596912449276
65+ Years,< 12 Years,"<= $75,000, Above Poverty",1.0,0.0,0.8458225006441066,1,1,0.15417749935589342
45 - 54 Years,Some College,"> $75,000",0.0,1.0,0.4872575226579079,1,1,0.5127424773420921
18 - 34 Years,12 Years,Below Poverty,0.0,0.0,0.06545235989769471,0,0,0.9345476401023053
55 - 64 Years,College Graduate,"> $75,000",0.0,1.0,0.44594305315631694,1,0,0.5540569468436831
45 - 54 Years,Some College,"<= $75,000, Above Poverty",1.0,0.0,0.6160815067326182,1,0,0.3839184932673818
18 - 34 Years,College Graduate,"<= $75,000, Above Poverty",0.0,0.0,0.24874663376756898,0,0,0.751253366232431
45 - 54 Years,College Graduate,"> $75,000",1.0,1.0,0.9893410756583495,1,1,0.0106589243416505
65+ Years,College Graduate,"<= $75,000, Above Poverty",1.0,0.0,0.8664064938641802,1,0,0.13359350613581977
45 - 54 Years,Some College,"> $75,000",0.0,0.0,0.3323966777137068,0,0,0.6676033222862932
65+ Years,College Graduate,"<= $75,000, Above Poverty",0.0,0.0,0.4367040717091906,1,0,0.5632959282908094
65+ Years,College Graduate,"<= $75,000, Above Poverty",0.0,0.0,0.5845489234902785,1,1,0.41545107650972146
45 - 54 Years,12 Years,"<= $75,000, Above Poverty",0.0,0.0,0.2905365417468805,0,0,0.7094634582531195
18 - 34 Years,College Graduate,"> $75,000",0.0,0.0,0.31444824245227376,0,0,0.6855517575477262
55 - 64 Years,College Graduate,"> $75,000",0.0,0.0,0.3305446551448494,0,0,0.6694553448551506
35 - 44 Years,College Graduate,"> $75,000",1.0,0.0,0.7722724815781307,1,0,0.22772751842186933
18 - 34 Years,College Graduate,"> $75,000",1.0,0.0,0.646485871992002,1,1,0.353514128007998
18 - 34 Years,College Graduate,"<= $75,000, Above Poverty",0.0,0.0,0.4745735498920408,1,0,0.5254264501079592
55 - 64 Years,< 12 Years,Below Poverty,0.0,0.0,0.14714081984111654,0,0,0.8528591801588834
55 - 64 Years,College Graduate,"> $75,000",0.0,1.0,0.23529074984870998,0,0,0.76470925015129
35 - 44 Years,12 Years,"<= $75,000, Above Poverty",1.0,0.0,0.6909728866209108,1,0,0.30902711337908917
55 - 64 Years,College Graduate,"<= $75,000, Above Poverty",0.0,0.0,0.2759416000042475,0,0,0.7240583999957525
55 - 64 Years,College Graduate,"<= $75,000, Above Poverty",0.0,0.0,0.26478345619007704,0,0,0.735216543809923
45 - 54 Years,College Graduate,"> $75,000",0.0,0.0,0.11760019947062464,0,0,0.8823998005293754
55 - 64 Years,12 Years,Below Poverty,0.0,0.0,0.2225594365011797,0,0,0.7774405634988203
18 - 34 Years,12 Years,"<= $75,000, Above Poverty",0.0,0.0,0.2507302329151591,0,0,0.7492697670848409
65+ Years,Some College,"<= $75,000, Above Poverty",0.0,0.0,0.2345134646335814,0,0,0.7654865353664186
18 - 34 Years,Some College,"<= $75,000, Above Poverty",0.0,0.0,0.26881506050335935,0,1,0.7311849394966407
55 - 64 Years,College Graduate,"<= $75,000, Above Poverty",0.0,0.0,0.5017742265755656,1,0,0.4982257734244344
55 - 64 Years,College Graduate,"> $75,000",0.0,1.0,0.6417257364196519,1,1,0.3582742635803481
45 - 54 Years,College Graduate,"> $75,000",0.0,0.0,0.19911335265553784,0,1,0.8008866473444621
18 - 34 Years,College Graduate,"<= $75,000, Above Poverty",0.0,0.0,0.5772467905198893,1,0,0.42275320948011075
18 - 34 Years,Some College,"<= $75,000, Above Poverty",1.0,0.0,0.5048614969547924,1,0,0.49513850304520757
18 - 34 Years,Some College,"<= $75,000, Above Poverty",1.0,0.0,0.7889783081596697,1,1,0.21102169184033026
45 - 54 Years,College Graduate,"<= $75,000, Above Poverty",1.0,0.0,0.7083015861236435,1,0,0.29169841387635653
55 - 64 Years,12 Years,"<= $75,000, Above Poverty",1.0,0.0,0.379989967560341,0,0,0.620010032439659
35 - 44 Years,12 Years,"<= $75,000, Above Poverty",0.0,0.0,0.27431178556863156,0,0,0.7256882144313684
65+ Years,College Graduate,"<= $75,000, Above Poverty",0.0,0.0,0.26907985215547925,0,0,0.7309201478445208
65+ Years,Some College,"<= $75,000, Above Poverty",0.0,0.0,0.3907305237334468,0,0,0.6092694762665531
55 - 64 Years,Some College,"<= $75,000, Above Poverty",0.0,0.0,0.1683542763292379,0,0,0.8316457236707621
55 - 64 Years,College Graduate,"<= $75,000, Above Poverty",0.0,0.0,0.26681609433026465,0,0,0.7331839056697353
55 - 64 Years,College Graduate,"<= $75,000, Above Poverty",0.0,0.0,0.5669291929765019,1,0,0.4330708070234981
55 - 64 Years,College Graduate,"> $75,000",0.0,0.0,0.3111884158465772,0,0,0.6888115841534228
35 - 44 Years,College Graduate,"> $75,000",0.0,0.0,0.2647880720426781,0,0,0.7352119279573219
45 - 54 Years,< 12 Years,"> $75,000",0.0,0.0,0.3644693335136801,0,0,0.6355306664863198
18 - 34 Years,12 Years,Below Poverty,0.0,0.0,0.32321547349580665,0,0,0.6767845265041934
45 - 54 Years,College Graduate,"> $75,000",0.0,0.0,0.42429133696792676,1,0,0.5757086630320732
55 - 64 Years,College Graduate,"> $75,000",1.0,0.0,0.8533841355208679,1,1,0.1466158644791321
55 - 64 Years,Some College,"<= $75,000, Above Poverty",0.0,0.0,0.1710125873691175,0,0,0.8289874126308825
18 - 34 Years,Some College,"<= $75,000, Above Poverty",0.0,0.0,0.18099913714946828,0,0,0.8190008628505318
45 - 54 Years,Some College,Below Poverty,0.0,0.0,0.29955961840225287,0,0,0.7004403815977471
65+ Years,12 Years,"<= $75,000, Above Poverty",0.0,0.0,0.3272836710152721,0,0,0.6727163289847279
45 - 54 Years,Some College,"<= $75,000, Above Poverty",0.0,0.0,0.1596888514862717,0,0,0.8403111485137282
55 - 64 Years,College Graduate,"<= $75,000, Above Poverty",0.0,0.0,0.0639861846574317,0,0,0.9360138153425683
65+ Years,< 12 Years,"<= $75,000, Above Poverty",0.0,0.0,0.09382503035722657,0,0,0.9061749696427734
18 - 34 Years,College Graduate,"<= $75,000, Above Poverty",0.0,0.0,0.23275864388357537,0,0,0.7672413561164246
18 - 34 Years,12 Years,"<= $75,000, Above Poverty",1.0,0.0,0.5434906961891397,1,0,0.4565093038108603
55 - 64 Years,College Graduate,"> $75,000",1.0,0.0,0.8284697878069988,1,1,0.17153021219300124
35 - 44 Years,College Graduate,"<= $75,000, Above Poverty",0.0,1.0,0.7506979446433717,1,0,0.2493020553566283
18 - 34 Years,12 Years,"<= $75,000, Above Poverty",1.0,0.0,0.7399937258792512,1,0,0.26000627412074884
65+ Years,College Graduate,"> $75,000",0.0,0.0,0.4700747812054973,1,0,0.5299252187945027
18 - 34 Years,College Graduate,"<= $75,000, Above Poverty",0.0,0.0,0.22933028378391218,0,0,0.7706697162160878
65+ Years,Some College,"<= $75,000, Above Poverty",0.0,0.0,0.3047682885824706,0,0,0.6952317114175294
45 - 54 Years,Some College,"<= $75,000, Above Poverty",0.0,0.0,0.3391411317724307,0,0,0.6608588682275693
18 - 34 Years,12 Years,"<= $75,000, Above Poverty",0.0,0.0,0.2720946549746891,0,0,0.7279053450253109
18 - 34 Years,College Graduate,"<= $75,000, Above Poverty",1.0,0.0,0.6678135283101612,1,1,0.33218647168983884
18 - 34 Years,College Graduate,"<= $75,000, Above Poverty",0.0,0.0,0.2847525810720141,0,0,0.7152474189279858
65+ Years,12 Years,"<= $75,000, Above Poverty",0.0,0.0,0.26790030726546327,0,0,0.7320996927345367
18 - 34 Years,12 Years,"<= $75,000, Above Poverty",0.0,0.0,0.08262263565930376,0,0,0.9173773643406963
18 - 34 Years,Some College,"<= $75,000, Above Poverty",0.0,0.0,0.08021542366203337,0,0,0.9197845763379666
55 - 64 Years,College Graduate,"<= $75,000, Above Poverty",0.0,0.0,0.30167018061557604,0,0,0.698329819384424
65+ Years,12 Years,"<= $75,000, Above Poverty",0.0,0.0,0.25871319477120447,0,0,0.7412868052287955
65+ Years,College Graduate,"<= $75,000, Above Poverty",0.0,0.0,0.5538461064034098,1,0,0.4461538935965902
18 - 34 Years,12 Years,"> $75,000",0.0,0.0,0.25951814065254747,0,0,0.7404818593474525
65+ Years,College Graduate,"> $75,000",0.0,1.0,0.7050203359046208,1,0,0.29497966409537923
35 - 44 Years,College Graduate,"<= $75,000, Above Poverty",0.0,0.0,0.26709537797627403,0,1,0.732904622023726
45 - 54 Years,Some College,"> $75,000",0.0,0.0,0.15475249728164003,0,0,0.8452475027183599
45 - 54 Years,College Graduate,"> $75,000",0.0,0.0,0.507811349546534,1,1,0.49218865045346605
18 - 34 Years,12 Years,Below Poverty,1.0,0.0,0.7600315884894507,1,0,0.23996841151054926
55 - 64 Years,< 12 Years,"<= $75,000, Above Poverty",0.0,0.0,0.22430635615933317,0,0,0.7756936438406669
18 - 34 Years,Some College,"<= $75,000, Above Poverty",1.0,0.0,0.5326079815990559,1,0,0.46739201840094413
35 - 44 Years,Some College,"<= $75,000, Above Poverty",0.0,0.0,0.12835926695479213,0,0,0.8716407330452078
55 - 64 Years,College Graduate,"> $75,000",1.0,1.0,0.9532164950073586,1,1,0.04678350499264139
65+ Years,Some College,"<= $75,000, Above Poverty",0.0,0.0,0.3625341373133096,0,0,0.6374658626866905
65+ Years,College Graduate,"<= $75,000, Above Poverty",1.0,0.0,0.8798304853813774,1,1,0.12016951461862257
45 - 54 Years,College Graduate,"> $75,000",0.0,0.0,0.5366615596058429,1,0,0.46333844039415706
65+ Years,College Graduate,"<= $75,000, Above Poverty",0.0,0.0,0.3780291947192425,0,0,0.6219708052807575
55 - 64 Years,Some College,"<= $75,000, Above Poverty",0.0,0.0,0.2002037599994927,0,0,0.7997962400005073
55 - 64 Years,Some College,"> $75,000",0.0,0.0,0.3975909798678047,0,0,0.6024090201321953
18 - 34 Years,College Graduate,"> $75,000",0.0,0.0,0.3490115678585008,0,1,0.6509884321414992
35 - 44 Years,College Graduate,"> $75,000",0.0,0.0,0.3831543580945814,0,0,0.6168456419054186
55 - 64 Years,Some College,"<= $75,000, Above Poverty",1.0,0.0,0.9276864775518513,1,1,0.0723135224481487
55 - 64 Years,College Graduate,"<= $75,000, Above Poverty",0.0,0.0,0.2860995403416302,0,1,0.7139004596583698
45 - 54 Years,Some College,"<= $75,000, Above Poverty",0.0,0.0,0.09733037466002532,0,0,0.9026696253399746
45 - 54 Years,12 Years,"<= $75,000, Above Poverty",0.0,0.0,0.1860449886322271,0,0,0.8139550113677729
55 - 64 Years,< 12 Years,"<= $75,000, Above Poverty",0.0,0.0,0.24091056262995808,0,0,0.7590894373700419
45 - 54 Years,College Graduate,"<= $75,000, Above Poverty",0.0,0.0,0.2670793395307733,0,0,0.7329206604692267
65+ Years,College Graduate,"> $75,000",1.0,0.0,0.8328441640598481,1,1,0.16715583594015193
45 - 54 Years,College Graduate,"> $75,000",1.0,0.0,0.5180493795733287,1,0,0.48195062042667125
45 - 54 Years,College Graduate,"<= $75,000, Above Poverty",0.0,1.0,0.5883753089615558,1,0,0.41162469103844423
18 - 34 Years,College Graduate,"> $75,000",0.0,1.0,0.6395004808472208,1,0,0.3604995191527792
45 - 54 Years,Some College,"<= $75,000, Above Poverty",0.0,1.0,0.47883257183050676,1,1,0.5211674281694932
55 - 64 Years,College Graduate,"<= $75,000, Above Poverty",1.0,0.0,0.8370072231311826,1,0,0.1629927768688174
65+ Years,College Graduate,"<= $75,000, Above Poverty",0.0,0.0,0.18194302067081322,0,0,0.8180569793291868
18 - 34 Years,College Graduate,"<= $75,000, Above Poverty",0.0,1.0,0.34892953805849836,0,0,0.6510704619415016
45 - 54 Years,College Graduate,"> $75,000",0.0,0.0,0.221880583625778,0,0,0.778119416374222
45 - 54 Years,College Graduate,"<= $75,000, Above Poverty",0.0,0.0,0.38436722030601056,0,0,0.6156327796939894
55 - 64 Years,College Graduate,"> $75,000",0.0,0.0,0.5971150138960875,1,0,0.40288498610391255
65+ Years,12 Years,"<= $75,000, Above Poverty",0.0,0.0,0.4340268026250735,1,0,0.5659731973749265
65+ Years,Some College,"> $75,000",0.0,0.0,0.4844483899152249,1,0,0.5155516100847751
55 - 64 Years,College Graduate,Below Poverty,0.0,0.0,0.7427674424109677,1,0,0.2572325575890323
45 - 54 Years,Some College,"<= $75,000, Above Poverty",0.0,0.0,0.21576172086296147,0,0,0.7842382791370386
45 - 54 Years,Some College,"<= $75,000, Above Poverty",0.0,0.0,0.11686504130159923,0,0,0.8831349586984008
18 - 34 Years,Some College,Below Poverty,0.0,0.0,0.24392105268733222,0,0,0.7560789473126678
18 - 34 Years,College Graduate,"> $75,000",0.0,0.0,0.21550271780209704,0,0,0.7844972821979029
65+ Years,College Graduate,"<= $75,000, Above Poverty",0.0,1.0,0.823585226333824,1,0,0.17641477366617597
65+ Years,< 12 Years,"<= $75,000, Above Poverty",0.0,0.0,0.7737048301760507,1,0,0.22629516982394926
65+ Years,Some College,"<= $75,000, Above Poverty",0.0,0.0,0.24013505714595948,0,0,0.7598649428540405
18 - 34 Years,12 Years,Below Poverty,0.0,0.0,0.31733515343498236,0,0,0.6826648465650176
65+ Years,Some College,"<= $75,000, Above Poverty",1.0,0.0,0.8469630333027667,1,0,0.15303696669723332
55 - 64 Years,< 12 Years,"<= $75,000, Above Poverty",0.0,0.0,0.17228859973059887,0,0,0.8277114002694012
65+ Years,College Graduate,"> $75,000",0.0,0.0,0.5034398397118391,1,0,0.49656016028816086
18 - 34 Years,Some College,"<= $75,000, Above Poverty",0.0,0.0,0.2656106729279984,0,0,0.7343893270720017
65+ Years,12 Years,Below Poverty,0.0,0.0,0.2264758422701796,0,0,0.7735241577298204
18 - 34 Years,12 Years,"<= $75,000, Above Poverty",0.0,0.0,0.23911259149278294,0,1,0.760887408507217
65+ Years,College Graduate,"> $75,000",0.0,0.0,0.3265351543415196,0,0,0.6734648456584804
55 - 64 Years,College Graduate,"<= $75,000, Above Poverty",0.0,0.0,0.16873603026732326,0,0,0.8312639697326767
35 - 44 Years,Some College,"<= $75,000, Above Poverty",0.0,0.0,0.28276765186829494,0,0,0.7172323481317051
18 - 34 Years,12 Years,"<= $75,000, Above Poverty",0.0,0.0,0.18162960750860999,0,0,0.81837039249139
45 - 54 Years,Some College,"<= $75,000, Above Poverty",0.0,0.0,0.10089752560450112,0,0,0.8991024743954988
35 - 44 Years,College Graduate,"> $75,000",0.0,0.0,0.3096522346862915,0,0,0.6903477653137085
45 - 54 Years,12 Years,Below Poverty,0.0,0.0,0.257162129458048,0,0,0.742837870541952
65+ Years,Some College,"<= $75,000, Above Poverty",0.0,0.0,0.4737927527563163,1,1,0.5262072472436836
55 - 64 Years,College Graduate,"<= $75,000, Above Poverty",0.0,0.0,0.3887087053865001,0,0,0.6112912946134998
35 - 44 Years,College Graduate,"<= $75,000, Above Poverty",0.0,0.0,0.13049397845967076,0,1,0.8695060215403292
55 - 64 Years,12 Years,"> $75,000",0.0,0.0,0.27789922730523947,0,0,0.7221007726947606
55 - 64 Years,College Graduate,"<= $75,000, Above Poverty",0.0,0.0,0.5267905022799091,1,0,0.4732094977200909
65+ Years,College Graduate,"> $75,000",1.0,1.0,0.9770069023982295,1,0,0.022993097601770485
65+ Years,Some College,"<= $75,000, Above Poverty",0.0,0.0,0.2770970029041038,0,0,0.7229029970958962
18 - 34 Years,12 Years,"<= $75,000, Above Poverty",0.0,0.0,0.08353889674574598,0,0,0.916461103254254
45 - 54 Years,Some College,Below Poverty,0.0,0.0,0.5451620566699773,1,1,0.4548379433300227
18 - 34 Years,Some College,"<= $75,000, Above Poverty",0.0,0.0,0.08765505414708667,0,0,0.9123449458529134
55 - 64 Years,12 Years,"> $75,000",0.0,0.0,0.3679986605452236,0,0,0.6320013394547763
18 - 34 Years,12 Years,"<= $75,000, Above Poverty",0.0,0.0,0.42064690613717204,1,0,0.579353093862828
45 - 54 Years,12 Years,"<= $75,000, Above Poverty",0.0,0.0,0.16502252041628496,0,0,0.834977479583715
65+ Years,12 Years,"<= $75,000, Above Poverty",1.0,0.0,0.7556210051992194,1,1,0.24437899480078062
65+ Years,Some College,"> $75,000",1.0,0.0,0.6908627974164578,1,1,0.30913720258354216
65+ Years,College Graduate,"<= $75,000, Above Poverty",0.0,0.0,0.7988251495097456,1,0,0.2011748504902544
35 - 44 Years,Some College,"> $75,000",0.0,1.0,0.7189963659379185,1,1,0.2810036340620815
35 - 44 Years,College Graduate,"<= $75,000, Above Poverty",0.0,0.0,0.13161389465008755,0,0,0.8683861053499125
35 - 44 Years,College Graduate,"> $75,000",0.0,0.0,0.39611425552584656,0,0,0.6038857444741534
65+ Years,12 Years,"<= $75,000, Above Poverty",0.0,0.0,0.476758506532776,1,1,0.523241493467224
65+ Years,12 Years,"<= $75,000, Above Poverty",0.0,0.0,0.36798318276143654,0,0,0.6320168172385634
65+ Years,Some College,"> $75,000",0.0,0.0,0.5463774381317897,1,0,0.45362256186821026
45 - 54 Years,College Graduate,"> $75,000",0.0,0.0,0.35001796065490653,0,0,0.6499820393450935
55 - 64 Years,Some College,"<= $75,000, Above Poverty",0.0,0.0,0.33457620327933824,0,0,0.6654237967206618
35 - 44 Years,12 Years,"> $75,000",0.0,0.0,0.5088080171066313,1,0,0.49119198289336874
55 - 64 Years,College Graduate,"> $75,000",0.0,0.0,0.2698413779621346,0,0,0.7301586220378654
45 - 54 Years,College Graduate,"> $75,000",0.0,0.0,0.36327811927387926,0,0,0.6367218807261208
45 - 54 Years,Some College,"<= $75,000, Above Poverty",0.0,0.0,0.24267296024882434,0,0,0.7573270397511757
65+ Years,College Graduate,"> $75,000",1.0,1.0,0.9515836053566789,1,1,0.04841639464332115
65+ Years,< 12 Years,"<= $75,000, Above Poverty",0.0,0.0,0.26382200716311793,0,0,0.7361779928368821
18 - 34 Years,12 Years,Below Poverty,0.0,0.0,0.38282636624334615,0,0,0.6171736337566538
65+ Years,College Graduate,"<= $75,000, Above Poverty",0.0,0.0,0.25715029711550685,0,0,0.7428497028844931
65+ Years,< 12 Years,"<= $75,000, Above Poverty",0.0,0.0,0.713429591531953,1,0,0.28657040846804704
65+ Years,College Graduate,"<= $75,000, Above Poverty",0.0,0.0,0.3873627060325677,0,0,0.6126372939674323
55 - 64 Years,College Graduate,"<= $75,000, Above Poverty",0.0,0.0,0.4098891111181736,1,0,0.5901108888818264
55 - 64 Years,Some College,"<= $75,000, Above Poverty",0.0,1.0,0.6872693935181429,1,0,0.31273060648185713
35 - 44 Years,< 12 Years,"<= $75,000, Above Poverty",0.0,0.0,0.38438817928752494,0,1,0.615611820712475
55 - 64 Years,College Graduate,"> $75,000",1.0,1.0,0.9634908460444972,1,1,0.036509153955502804
55 - 64 Years,Some College,Below Poverty,0.0,0.0,0.3531816364407548,0,0,0.6468183635592453
18 - 34 Years,12 Years,"> $75,000",0.0,0.0,0.07414779031753714,0,0,0.9258522096824628
65+ Years,12 Years,"<= $75,000, Above Poverty",0.0,0.0,0.21022713512507524,0,0,0.7897728648749247
35 - 44 Years,College Graduate,"<= $75,000, Above Poverty",1.0,0.0,0.8165164389658869,1,1,0.18348356103411312
45 - 54 Years,College Graduate,"<= $75,000, Above Poverty",0.0,0.0,0.2799092767813445,0,0,0.7200907232186555
65+ Years,12 Years,"<= $75,000, Above Poverty",0.0,0.0,0.5264428412588387,1,1,0.47355715874116133
65+ Years,< 12 Years,"<= $75,000, Above Poverty",0.0,0.0,0.32202300991947796,0,0,0.677976990080522
45 - 54 Years,Some College,"> $75,000",0.0,0.0,0.20035597600060556,0,0,0.7996440239993945
55 - 64 Years,College Graduate,"<= $75,000, Above Poverty",0.0,1.0,0.5499119335982109,1,0,0.4500880664017891
55 - 64 Years,Some College,"<= $75,000, Above Poverty",0.0,0.0,0.14371355858593968,0,0,0.8562864414140603
35 - 44 Years,< 12 Years,Below Poverty,0.0,0.0,0.30448146812715926,0,0,0.6955185318728407
18 - 34 Years,College Graduate,"<= $75,000, Above Poverty",0.0,0.0,0.3178576144336476,0,0,0.6821423855663524
35 - 44 Years,College Graduate,"<= $75,000, Above Poverty",0.0,0.0,0.25934731545675976,0,0,0.7406526845432402
45 - 54 Years,Some College,"> $75,000",0.0,0.0,0.20290398401327472,0,0,0.7970960159867253
55 - 64 Years,12 Years,Below Poverty,0.0,0.0,0.8132194113282877,1,1,0.18678058867171232
18 - 34 Years,Some College,"<= $75,000, Above Poverty",0.0,0.0,0.22909244178324073,0,0,0.7709075582167593
65+ Years,Some College,"> $75,000",1.0,0.0,0.943606345598568,1,1,0.05639365440143196
65+ Years,12 Years,"<= $75,000, Above Poverty",0.0,0.0,0.41303000953691704,1,0,0.586969990463083
45 - 54 Years,12 Years,"<= $75,000, Above Poverty",0.0,0.0,0.22465294422111187,0,0,0.7753470557788882
55 - 64 Years,College Graduate,"> $75,000",0.0,0.0,0.255955443934147,0,0,0.7440445560658531
35 - 44 Years,Some College,Below Poverty,0.0,0.0,0.015644838479849547,0,0,0.9843551615201505
55 - 64 Years,College Graduate,"> $75,000",1.0,0.0,0.8943415072531447,1,1,0.10565849274685535
55 - 64 Years,College Graduate,"<= $75,000, Above Poverty",0.0,0.0,0.3857894320206223,0,0,0.6142105679793777
35 - 44 Years,College Graduate,"> $75,000",0.0,0.0,0.508445825437788,1,0,0.49155417456221195
65+ Years,12 Years,"<= $75,000, Above Poverty",0.0,0.0,0.2499264845691908,0,0,0.7500735154308091
18 - 34 Years,Some College,Below Poverty,0.0,0.0,0.33029607460423543,0,0,0.6697039253957646
45 - 54 Years,Some College,"<= $75,000, Above Poverty",0.0,0.0,0.12886334621122816,0,0,0.8711366537887718
18 - 34 Years,12 Years,Below Poverty,1.0,0.0,0.8459238011199933,1,0,0.15407619888000668
45 - 54 Years,< 12 Years,Below Poverty,0.0,0.0,0.03968474383430171,0,0,0.9603152561656982
65+ Years,Some College,"<= $75,000, Above Poverty",1.0,0.0,0.954629575650069,1,0,0.04537042434993099
65+ Years,12 Years,"<= $75,000, Above Poverty",0.0,0.0,0.24179283024904547,0,0,0.7582071697509545
65+ Years,12 Years,Below Poverty,0.0,0.0,0.24224121400588092,0,0,0.757758785994119
65+ Years,12 Years,"<= $75,000, Above Poverty",0.0,0.0,0.1907891441066616,0,0,0.8092108558933384
55 - 64 Years,Some College,"<= $75,000, Above Poverty",0.0,0.0,0.06758188732710486,0,0,0.9324181126728951
45 - 54 Years,College Graduate,"> $75,000",1.0,0.0,0.23256282581943571,0,0,0.7674371741805643
18 - 34 Years,College Graduate,"<= $75,000, Above Poverty",0.0,1.0,0.8766684742928369,1,1,0.1233315257071631
35 - 44 Years,12 Years,"<= $75,000, Above Poverty",0.0,0.0,0.23398119656954905,0,0,0.7660188034304509
65+ Years,Some College,"<= $75,000, Above Poverty",0.0,0.0,0.4135900650791239,1,1,0.5864099349208761
65+ Years,Some College,"<= $75,000, Above Poverty",0.0,0.0,0.2932776739763549,0,1,0.706722326023645
18 - 34 Years,College Graduate,"<= $75,000, Above Poverty",0.0,0.0,0.1259071328681305,0,0,0.8740928671318695
55 - 64 Years,College Graduate,"<= $75,000, Above Poverty",0.0,0.0,0.4645723404796352,1,0,0.5354276595203649
65+ Years,Some College,"<= $75,000, Above Poverty",0.0,0.0,0.43238078530496094,1,0,0.5676192146950391
65+ Years,12 Years,"<= $75,000, Above Poverty",0.0,0.0,0.317396038538188,0,0,0.682603961461812
35 - 44 Years,College Graduate,"<= $75,000, Above Poverty",0.0,0.0,0.217155201130977,0,0,0.782844798869023
65+ Years,Some College,"<= $75,000, Above Poverty",0.0,0.0,0.3672402470984632,0,0,0.6327597529015367
55 - 64 Years,College Graduate,"> $75,000",0.0,0.0,0.33395540524993234,0,1,0.6660445947500677
65+ Years,College Graduate,"<= $75,000, Above Poverty",0.0,1.0,0.6033536383443316,1,0,0.39664636165566836
55 - 64 Years,12 Years,"<= $75,000, Above Poverty",0.0,0.0,0.2442782785256254,0,0,0.7557217214743746
65+ Years,College Graduate,"<= $75,000, Above Poverty",0.0,0.0,0.14333522232647242,0,0,0.8566647776735276
55 - 64 Years,Some College,"<= $75,000, Above Poverty",0.0,1.0,0.4539288758545293,1,0,0.5460711241454708
45 - 54 Years,12 Years,Below Poverty,0.0,0.0,0.14816028871873108,0,0,0.8518397112812689
18 - 34 Years,College Graduate,"> $75,000",1.0,1.0,0.8692904504456406,1,0,0.13070954955435943
35 - 44 Years,College Graduate,"> $75,000",0.0,0.0,0.23938202652162735,0,0,0.7606179734783727
18 - 34 Years,College Graduate,"> $75,000",0.0,0.0,0.36560387512117676,0,0,0.6343961248788232
55 - 64 Years,Some College,"<= $75,000, Above Poverty",0.0,0.0,0.1282085686040588,0,0,0.8717914313959412
45 - 54 Years,College Graduate,"<= $75,000, Above Poverty",0.0,1.0,0.28002252579766695,0,0,0.719977474202333
65+ Years,Some College,"<= $75,000, Above Poverty",0.0,0.0,0.1775886215328985,0,0,0.8224113784671014
55 - 64 Years,< 12 Years,"<= $75,000, Above Poverty",1.0,0.0,0.8685345292034669,1,1,0.13146547079653315
65+ Years,< 12 Years,"<= $75,000, Above Poverty",0.0,0.0,0.34509791378311544,0,0,0.6549020862168846
65+ Years,< 12 Years,"<= $75,000, Above Poverty",0.0,0.0,0.4597487630974336,1,0,0.5402512369025664
18 - 34 Years,College Graduate,"<= $75,000, Above Poverty",0.0,0.0,0.3243713727589914,0,0,0.6756286272410086
45 - 54 Years,College Graduate,"> $75,000",0.0,0.0,0.3223885539273234,0,0,0.6776114460726765
65+ Years,College Graduate,"<= $75,000, Above Poverty",1.0,0.0,0.7339361751545087,1,0,0.2660638248454913
55 - 64 Years,College Graduate,"<= $75,000, Above Poverty",0.0,0.0,0.25562220407185393,0,0,0.7443777959281461
55 - 64 Years,Some College,"<= $75,000, Above Poverty",1.0,1.0,0.9419984452275253,1,1,0.058001554772474706
18 - 34 Years,12 Years,Below Poverty,0.0,0.0,0.32365143405692226,0,0,0.6763485659430777
65+ Years,College Graduate,"<= $75,000, Above Poverty",0.0,0.0,0.353897241788891,0,0,0.646102758211109
55 - 64 Years,< 12 Years,"<= $75,000, Above Poverty",0.0,1.0,0.5148647806218075,1,0,0.4851352193781925
45 - 54 Years,College Graduate,"<= $75,000, Above Poverty",0.0,0.0,0.44061620084267084,1,0,0.5593837991573292
55 - 64 Years,< 12 Years,"<= $75,000, Above Poverty",0.0,0.0,0.43622886311711684,1,0,0.5637711368828832
65+ Years,College Graduate,"<= $75,000, Above Poverty",1.0,0.0,0.9386908439814664,1,1,0.061309156018533595
45 - 54 Years,12 Years,"> $75,000",0.0,0.0,0.2571413254506909,0,0,0.7428586745493091
65+ Years,12 Years,"<= $75,000, Above Poverty",0.0,0.0,0.3439028770069975,0,0,0.6560971229930025
18 - 34 Years,College Graduate,"<= $75,000, Above Poverty",0.0,0.0,0.245739187146175,0,0,0.7542608128538251
55 - 64 Years,Some College,"<= $75,000, Above Poverty",1.0,0.0,0.7578748305509486,1,0,0.24212516944905138
18 - 34 Years,12 Years,"> $75,000",0.0,0.0,0.37583048669497293,0,0,0.6241695133050271
65+ Years,12 Years,"<= $75,000, Above Poverty",0.0,0.0,0.28781935317841273,0,0,0.7121806468215872
55 - 64 Years,College Graduate,"> $75,000",0.0,0.0,0.27527963859658866,0,0,0.7247203614034113
45 - 54 Years,Some College,"<= $75,000, Above Poverty",0.0,0.0,0.6623096952185538,1,0,0.33769030478144624
45 - 54 Years,College Graduate,"> $75,000",0.0,0.0,0.3540990198703994,0,0,0.6459009801296006
55 - 64 Years,Some College,"<= $75,000, Above Poverty",1.0,0.0,0.8451565960245243,1,1,0.1548434039754757
65+ Years,College Graduate,"<= $75,000, Above Poverty",0.0,0.0,0.45814603854490044,1,0,0.5418539614550996
18 - 34 Years,College Graduate,"> $75,000",1.0,0.0,0.8264492237513671,1,0,0.1735507762486329
18 - 34 Years,12 Years,"<= $75,000, Above Poverty",0.0,0.0,0.16053174701026618,0,0,0.8394682529897338
65+ Years,College Graduate,"> $75,000",1.0,0.0,0.8554390497607807,1,0,0.14456095023921933
55 - 64 Years,College Graduate,"<= $75,000, Above Poverty",0.0,0.0,0.3887087053865001,0,0,0.6112912946134998
45 - 54 Years,12 Years,"<= $75,000, Above Poverty",0.0,0.0,0.4837889090861232,1,0,0.5162110909138768
55 - 64 Years,< 12 Years,Below Poverty,1.0,0.0,0.9542654255077736,1,0,0.0457345744922264
18 - 34 Years,Some College,"> $75,000",0.0,1.0,0.5941196945768537,1,1,0.40588030542314635
65+ Years,< 12 Years,Below Poverty,0.0,0.0,0.3165502085481076,0,0,0.6834497914518924
55 - 64 Years,College Graduate,"> $75,000",0.0,1.0,0.6894502987977849,1,1,0.31054970120221514
65+ Years,Some College,"<= $75,000, Above Poverty",0.0,0.0,0.27548033577674996,0,0,0.7245196642232501
55 - 64 Years,Some College,"<= $75,000, Above Poverty",0.0,0.0,0.5666109832086449,1,1,0.4333890167913551
65+ Years,12 Years,"<= $75,000, Above Poverty",1.0,0.0,0.5132274607475902,1,0,0.4867725392524098
35 - 44 Years,12 Years,"> $75,000",0.0,1.0,0.6709005974667502,1,0,0.32909940253324976
45 - 54 Years,Some College,"<= $75,000, Above Poverty",0.0,0.0,0.159923030772157,0,0,0.840076969227843
35 - 44 Years,College Graduate,"<= $75,000, Above Poverty",1.0,0.0,0.7725230085208351,1,0,0.2274769914791649
65+ Years,12 Years,"<= $75,000, Above Poverty",0.0,0.0,0.3687776179499985,0,0,0.6312223820500015
65+ Years,College Graduate,"<= $75,000, Above Poverty",0.0,0.0,0.27688221001499097,0,0,0.723117789985009
45 - 54 Years,Some College,"> $75,000",0.0,0.0,0.3461824149458157,0,0,0.6538175850541843
18 - 34 Years,< 12 Years,"> $75,000",0.0,0.0,0.08441055456914683,0,0,0.9155894454308532
18 - 34 Years,Some College,"> $75,000",1.0,0.0,0.7672509342154176,1,0,0.23274906578458243
45 - 54 Years,College Graduate,"<= $75,000, Above Poverty",0.0,0.0,0.24212992300788694,0,1,0.7578700769921131
18 - 34 Years,< 12 Years,"<= $75,000, Above Poverty",0.0,0.0,0.20886528867270512,0,0,0.7911347113272948
65+ Years,< 12 Years,Below Poverty,0.0,0.0,0.4198703588962659,1,0,0.5801296411037341
65+ Years,College Graduate,"<= $75,000, Above Poverty",0.0,0.0,0.2403266363094453,0,0,0.7596733636905547
55 - 64 Years,Some College,"> $75,000",1.0,1.0,0.9782295696430438,1,0,0.02177043035695625
18 - 34 Years,12 Years,"> $75,000",0.0,0.0,0.39439261940475345,0,0,0.6056073805952465
45 - 54 Years,< 12 Years,"<= $75,000, Above Poverty",0.0,0.0,0.45728121461930377,1,0,0.5427187853806963
35 - 44 Years,Some College,"> $75,000",0.0,0.0,0.11192680544201444,0,0,0.8880731945579856
35 - 44 Years,12 Years,"<= $75,000, Above Poverty",0.0,0.0,0.15776547227739507,0,0,0.8422345277226049
45 - 54 Years,< 12 Years,Below Poverty,0.0,0.0,0.13156000209974625,0,0,0.8684399979002537
55 - 64 Years,< 12 Years,"<= $75,000, Above Poverty",0.0,0.0,0.20810599075510133,0,0,0.7918940092448987
65+ Years,College Graduate,"<= $75,000, Above Poverty",0.0,0.0,0.3795533786745398,0,0,0.6204466213254602
45 - 54 Years,12 Years,Below Poverty,0.0,0.0,0.28284450289326946,0,0,0.7171554971067305
55 - 64 Years,Some College,"<= $75,000, Above Poverty",1.0,1.0,0.972263587130595,1,1,0.02773641286940498
45 - 54 Years,College Graduate,"<= $75,000, Above Poverty",0.0,0.0,0.1995443606895202,0,0,0.8004556393104798
45 - 54 Years,< 12 Years,"<= $75,000, Above Poverty",0.0,0.0,0.2693834407124752,0,0,0.7306165592875248
35 - 44 Years,College Graduate,"<= $75,000, Above Poverty",0.0,0.0,0.273640379790698,0,0,0.726359620209302
35 - 44 Years,Some College,"<= $75,000, Above Poverty",1.0,0.0,0.38313165732362225,0,0,0.6168683426763777
65+ Years,< 12 Years,"<= $75,000, Above Poverty",1.0,0.0,0.6975190530828124,1,1,0.30248094691718763
65+ Years,12 Years,"<= $75,000, Above Poverty",0.0,0.0,0.22201383366897032,0,0,0.7779861663310297
18 - 34 Years,College Graduate,"<= $75,000, Above Poverty",0.0,0.0,0.37456306506109005,0,0,0.62543693493891
55 - 64 Years,College Graduate,"<= $75,000, Above Poverty",1.0,1.0,0.9738239255565135,1,1,0.026176074443486463
35 - 44 Years,12 Years,Below Poverty,1.0,0.0,0.5962904877778545,1,0,0.40370951222214546
45 - 54 Years,College Graduate,"<= $75,000, Above Poverty",0.0,0.0,0.06302897602929573,0,0,0.9369710239707043
65+ Years,Some College,"<= $75,000, Above Poverty",0.0,0.0,0.2713066818320097,0,0,0.7286933181679903
65+ Years,College Graduate,"> $75,000",1.0,0.0,0.8246781857560256,1,1,0.17532181424397442
18 - 34 Years,< 12 Years,"<= $75,000, Above Poverty",1.0,0.0,0.8035697772779832,1,0,0.19643022272201682
18 - 34 Years,College Graduate,"<= $75,000, Above Poverty",0.0,0.0,0.2740994914080273,0,0,0.7259005085919727
65+ Years,Some College,"<= $75,000, Above Poverty",0.0,0.0,0.11851143100226648,0,0,0.8814885689977335
18 - 34 Years,12 Years,"> $75,000",0.0,0.0,0.24897858726535135,0,1,0.7510214127346486
18 - 34 Years,12 Years,"<= $75,000, Above Poverty",0.0,0.0,0.21857318253562139,0,1,0.7814268174643786
55 - 64 Years,College Graduate,"> $75,000",0.0,1.0,0.46295678194122686,1,0,0.5370432180587732
18 - 34 Years,12 Years,Below Poverty,0.0,0.0,0.08932343789589194,0,0,0.9106765621041081
45 - 54 Years,12 Years,"<= $75,000, Above Poverty",0.0,0.0,0.25496123498751183,0,0,0.7450387650124881
55 - 64 Years,Some College,"> $75,000",1.0,0.0,0.8191200119581427,1,0,0.18087998804185734
18 - 34 Years,College Graduate,"<= $75,000, Above Poverty",0.0,0.0,0.30300480853177797,0,0,0.696995191468222
55 - 64 Years,12 Years,"<= $75,000, Above Poverty",0.0,1.0,0.46037206700661043,1,1,0.5396279329933895
45 - 54 Years,College Graduate,"> $75,000",0.0,0.0,0.27996679115322626,0,0,0.7200332088467738
18 - 34 Years,< 12 Years,"<= $75,000, Above Poverty",0.0,0.0,0.21381591671990074,0,0,0.7861840832800993
65+ Years,Some College,Below Poverty,0.0,0.0,0.2758834482026599,0,0,0.72411655179734
55 - 64 Years,College Graduate,"<= $75,000, Above Poverty",0.0,0.0,0.4459007562006017,1,1,0.5540992437993983
35 - 44 Years,College Graduate,"> $75,000",1.0,0.0,0.8842477278032342,1,1,0.11575227219676576
45 - 54 Years,Some College,"> $75,000",0.0,1.0,0.48218542420779015,1,0,0.5178145757922099
45 - 54 Years,College Graduate,"> $75,000",0.0,0.0,0.2795180813574429,0,0,0.7204819186425571
65+ Years,Some College,"<= $75,000, Above Poverty",0.0,1.0,0.36486302764346074,0,0,0.6351369723565392
35 - 44 Years,College Graduate,"<= $75,000, Above Poverty",0.0,0.0,0.47161738608128806,1,0,0.528382613918712
45 - 54 Years,12 Years,"<= $75,000, Above Poverty",0.0,1.0,0.4407173484338582,1,0,0.5592826515661418
18 - 34 Years,12 Years,"<= $75,000, Above Poverty",0.0,0.0,0.2436146331619178,0,0,0.7563853668380822
55 - 64 Years,College Graduate,"<= $75,000, Above Poverty",1.0,1.0,0.9285620380339975,1,1,0.0714379619660025
65+ Years,12 Years,"<= $75,000, Above Poverty",0.0,0.0,0.21627284702869856,0,0,0.7837271529713015
55 - 64 Years,College Graduate,"<= $75,000, Above Poverty",0.0,0.0,0.2681629040468266,0,0,0.7318370959531735
18 - 34 Years,Some College,Below Poverty,0.0,0.0,0.1407996291850618,0,0,0.8592003708149382
55 - 64 Years,College Graduate,"> $75,000",0.0,0.0,0.7331044429308812,1,0,0.2668955570691188
55 - 64 Years,12 Years,"<= $75,000, Above Poverty",0.0,0.0,0.28071605043917564,0,0,0.7192839495608243
18 - 34 Years,College Graduate,"<= $75,000, Above Poverty",0.0,0.0,0.33354053962418423,0,0,0.6664594603758158
55 - 64 Years,12 Years,"<= $75,000, Above Poverty",0.0,0.0,0.4117830019339005,1,0,0.5882169980660995
65+ Years,Some College,"<= $75,000, Above Poverty",0.0,0.0,0.3350683095384581,0,0,0.6649316904615419
35 - 44 Years,College Graduate,"<= $75,000, Above Poverty",0.0,1.0,0.3050198537275395,0,0,0.6949801462724605
45 - 54 Years,Some College,"<= $75,000, Above Poverty",0.0,0.0,0.14419489487806234,0,0,0.8558051051219376
35 - 44 Years,College Graduate,"<= $75,000, Above Poverty",0.0,0.0,0.07968471138192287,0,1,0.9203152886180771
35 - 44 Years,Some College,"<= $75,000, Above Poverty",1.0,0.0,0.7289077369712652,1,0,0.2710922630287348
35 - 44 Years,College Graduate,"<= $75,000, Above Poverty",0.0,0.0,0.3891086490762491,0,0,0.6108913509237509
18 - 34 Years,College Graduate,"<= $75,000, Above Poverty",0.0,0.0,0.15356642051079128,0,0,0.8464335794892087
35 - 44 Years,College Graduate,"> $75,000",1.0,0.0,0.5000803642884187,1,0,0.49991963571158127
45 - 54 Years,Some College,Below Poverty,1.0,0.0,0.7851028663256651,1,1,0.21489713367433494
55 - 64 Years,12 Years,"<= $75,000, Above Poverty",0.0,0.0,0.2870419250750051,0,0,0.7129580749249949
18 - 34 Years,College Graduate,"<= $75,000, Above Poverty",0.0,0.0,0.28904598429104317,0,0,0.7109540157089569
35 - 44 Years,12 Years,"<= $75,000, Above Poverty",1.0,0.0,0.9405488669341446,1,1,0.059451133065855366
65+ Years,College Graduate,"> $75,000",0.0,0.0,0.19282890660520605,0,1,0.807171093394794
65+ Years,12 Years,"<= $75,000, Above Poverty",0.0,0.0,0.3900113937389663,0,0,0.6099886062610337
65+ Years,Some College,"<= $75,000, Above Poverty",0.0,0.0,0.3933071343472871,0,0,0.6066928656527129
65+ Years,Some College,"<= $75,000, Above Poverty",0.0,0.0,0.22618157010081233,0,0,0.7738184298991877
35 - 44 Years,Some College,"> $75,000",1.0,1.0,0.9693967614578944,1,1,0.03060323854210556
65+ Years,12 Years,Below Poverty,0.0,0.0,0.28266973123273337,0,0,0.7173302687672667
18 - 34 Years,Some College,"<= $75,000, Above Poverty",0.0,0.0,0.11112849237885186,0,0,0.8888715076211482
18 - 34 Years,College Graduate,"<= $75,000, Above Poverty",0.0,0.0,0.25128920735449417,0,0,0.7487107926455059
55 - 64 Years,12 Years,"<= $75,000, Above Poverty",0.0,0.0,0.21634817217012575,0,0,0.7836518278298743
35 - 44 Years,Some College,Below Poverty,1.0,0.0,0.40251292116581183,1,0,0.5974870788341882
55 - 64 Years,College Graduate,"<= $75,000, Above Poverty",0.0,0.0,0.3683567131885967,0,0,0.6316432868114032
45 - 54 Years,College Graduate,"<= $75,000, Above Poverty",0.0,0.0,0.3252007407284426,0,0,0.6747992592715574
65+ Years,< 12 Years,"<= $75,000, Above Poverty",0.0,0.0,0.5093502137571537,1,0,0.4906497862428463
45 - 54 Years,College Graduate,"> $75,000",0.0,0.0,0.3169254383801554,0,1,0.6830745616198446
45 - 54 Years,12 Years,"<= $75,000, Above Poverty",0.0,1.0,0.5588744815914141,1,0,0.44112551840858594
65+ Years,Some College,"<= $75,000, Above Poverty",0.0,0.0,0.5334855679861578,1,0,0.46651443201384224
55 - 64 Years,Some College,"<= $75,000, Above Poverty",0.0,0.0,0.4301731607769278,1,0,0.5698268392230722
65+ Years,Some College,"<= $75,000, Above Poverty",1.0,1.0,0.9172930638793955,1,0,0.08270693612060454
45 - 54 Years,12 Years,"<= $75,000, Above Poverty",0.0,0.0,0.25992498647925644,0,0,0.7400750135207436
65+ Years,College Graduate,"> $75,000",0.0,0.0,0.3557036420857419,0,0,0.6442963579142581
65+ Years,Some College,"<= $75,000, Above Poverty",0.0,0.0,0.24841410374872694,0,0,0.751585896251273
18 - 34 Years,Some College,"<= $75,000, Above Poverty",0.0,0.0,0.19919373594273249,0,0,0.8008062640572675
65+ Years,12 Years,"<= $75,000, Above Poverty",1.0,0.0,0.6177592655331136,1,0,0.38224073446688644
45 - 54 Years,College Graduate,"> $75,000",0.0,0.0,0.19873507313675848,0,0,0.8012649268632415
35 - 44 Years,Some College,"<= $75,000, Above Poverty",0.0,0.0,0.08639738033494075,0,0,0.9136026196650593
65+ Years,12 Years,"<= $75,000, Above Poverty",0.0,0.0,0.29352915214237085,0,0,0.7064708478576291
35 - 44 Years,College Graduate,"> $75,000",1.0,1.0,0.9850783032110155,1,1,0.014921696788984473
45 - 54 Years,< 12 Years,Below Poverty,0.0,0.0,0.0999939326855355,0,0,0.9000060673144645
65+ Years,Some College,"> $75,000",0.0,0.0,0.2892542113210204,0,0,0.7107457886789796
55 - 64 Years,College Graduate,"<= $75,000, Above Poverty",1.0,0.0,0.505755052951427,1,0,0.494244947048573
55 - 64 Years,College Graduate,"> $75,000",0.0,0.0,0.173833357363801,0,0,0.826166642636199
35 - 44 Years,< 12 Years,"<= $75,000, Above Poverty",0.0,0.0,0.2885769565815538,0,0,0.7114230434184462
65+ Years,College Graduate,"<= $75,000, Above Poverty",0.0,0.0,0.503622344987648,1,0,0.496377655012352
55 - 64 Years,12 Years,"<= $75,000, Above Poverty",0.0,0.0,0.31217718824310553,0,0,0.6878228117568945
45 - 54 Years,12 Years,"<= $75,000, Above Poverty",0.0,0.0,0.18056803941622565,0,0,0.8194319605837743
55 - 64 Years,12 Years,"<= $75,000, Above Poverty",0.0,0.0,0.28292098349407785,0,0,0.7170790165059222
35 - 44 Years,College Graduate,"> $75,000",1.0,1.0,0.9674456404428431,1,1,0.03255435955715691
35 - 44 Years,College Graduate,"<= $75,000, Above Poverty",1.0,0.0,0.9382335779890223,1,1,0.061766422010977706
65+ Years,College Graduate,"> $75,000",1.0,0.0,0.931647555900959,1,1,0.06835244409904095
65+ Years,12 Years,"> $75,000",1.0,0.0,0.5756834129326924,1,1,0.42431658706730757
35 - 44 Years,College Graduate,"> $75,000",1.0,1.0,0.9777625719996804,1,1,0.02223742800031958
55 - 64 Years,College Graduate,"<= $75,000, Above Poverty",0.0,0.0,0.34393776205757925,0,0,0.6560622379424208
55 - 64 Years,Some College,"> $75,000",0.0,0.0,0.31689679192478776,0,0,0.6831032080752122
55 - 64 Years,College Graduate,"<= $75,000, Above Poverty",0.0,0.0,0.14954120431430815,0,0,0.8504587956856918
35 - 44 Years,College Graduate,"> $75,000",0.0,0.0,0.26364763308518374,0,0,0.7363523669148162
65+ Years,Some College,"<= $75,000, Above Poverty",0.0,0.0,0.4270784671372082,1,0,0.5729215328627918
55 - 64 Years,Some College,"<= $75,000, Above Poverty",1.0,0.0,0.8286740910832187,1,0,0.17132590891678134
35 - 44 Years,College Graduate,"> $75,000",0.0,0.0,0.38463051038469503,0,0,0.615369489615305
55 - 64 Years,College Graduate,"> $75,000",0.0,0.0,0.6387421345296876,1,0,0.36125786547031236
65+ Years,Some College,"<= $75,000, Above Poverty",1.0,0.0,0.9556467405891126,1,1,0.04435325941088741
65+ Years,12 Years,"<= $75,000, Above Poverty",0.0,0.0,0.284917627957964,0,0,0.7150823720420361
45 - 54 Years,College Graduate,"> $75,000",1.0,1.0,0.9899996339378533,1,1,0.010000366062146715
55 - 64 Years,12 Years,"<= $75,000, Above Poverty",0.0,0.0,0.2536379644531762,0,0,0.7463620355468238
45 - 54 Years,Some College,"> $75,000",0.0,0.0,0.10464731864828065,0,0,0.8953526813517193
45 - 54 Years,12 Years,"<= $75,000, Above Poverty",0.0,0.0,0.27127716565610344,0,0,0.7287228343438965
18 - 34 Years,12 Years,"<= $75,000, Above Poverty",0.0,0.0,0.22459170350844115,0,0,0.7754082964915588
45 - 54 Years,12 Years,"<= $75,000, Above Poverty",0.0,0.0,0.1508337674754915,0,0,0.8491662325245085
18 - 34 Years,Some College,"> $75,000",0.0,0.0,0.16257770506695665,0,0,0.8374222949330433
65+ Years,College Graduate,"<= $75,000, Above Poverty",0.0,0.0,0.16600781482709162,0,0,0.8339921851729084
55 - 64 Years,Some College,"<= $75,000, Above Poverty",0.0,0.0,0.2605021354247115,0,1,0.7394978645752885
55 - 64 Years,Some College,"> $75,000",0.0,0.0,0.17669912194736478,0,0,0.8233008780526352
65+ Years,12 Years,"<= $75,000, Above Poverty",0.0,1.0,0.3537620348937682,0,0,0.6462379651062318
65+ Years,Some College,"<= $75,000, Above Poverty",1.0,0.0,0.5702820473667377,1,0,0.4297179526332623
18 - 34 Years,Some College,Below Poverty,1.0,0.0,0.7416321982357871,1,1,0.2583678017642129
65+ Years,< 12 Years,"<= $75,000, Above Poverty",0.0,0.0,0.24372496558150897,0,0,0.756275034418491
55 - 64 Years,Some College,"> $75,000",0.0,0.0,0.2989425358152999,0,0,0.7010574641847
18 - 34 Years,12 Years,"<= $75,000, Above Poverty",1.0,0.0,0.4506782538477176,1,1,0.5493217461522824
35 - 44 Years,Some College,"> $75,000",0.0,0.0,0.22191613477081704,0,0,0.7780838652291829
45 - 54 Years,Some College,"> $75,000",0.0,0.0,0.3685581830368714,0,0,0.6314418169631286
45 - 54 Years,College Graduate,"<= $75,000, Above Poverty",0.0,0.0,0.3335467995116985,0,0,0.6664532004883015
18 - 34 Years,College Graduate,"<= $75,000, Above Poverty",1.0,1.0,0.7879939240326297,1,0,0.2120060759673703
55 - 64 Years,12 Years,"<= $75,000, Above Poverty",0.0,0.0,0.286093687423818,0,0,0.713906312576182
45 - 54 Years,College Graduate,"> $75,000",0.0,0.0,0.5246609588556339,1,0,0.4753390411443661
35 - 44 Years,12 Years,"<= $75,000, Above Poverty",0.0,0.0,0.23616151448986064,0,0,0.7638384855101393
45 - 54 Years,College Graduate,"> $75,000",0.0,0.0,0.24605358917818576,0,0,0.7539464108218142
35 - 44 Years,College Graduate,"> $75,000",0.0,1.0,0.533355998842201,1,1,0.466644001157799
45 - 54 Years,12 Years,"<= $75,000, Above Poverty",0.0,0.0,0.07816765863438611,0,0,0.9218323413656139
55 - 64 Years,Some College,"> $75,000",1.0,0.0,0.8433859925748917,1,1,0.15661400742510834
65+ Years,Some College,"<= $75,000, Above Poverty",0.0,0.0,0.18211509074788956,0,0,0.8178849092521104
18 - 34 Years,College Graduate,"<= $75,000, Above Poverty",0.0,0.0,0.29817651829142,0,0,0.70182348170858
18 - 34 Years,College Graduate,"<= $75,000, Above Poverty",0.0,0.0,0.2039793477025694,0,0,0.7960206522974306
65+ Years,College Graduate,"<= $75,000, Above Poverty",0.0,0.0,0.5333961216972365,1,0,0.4666038783027635
65+ Years,College Graduate,"<= $75,000, Above Poverty",0.0,0.0,0.22910252012054183,0,0,0.7708974798794581
45 - 54 Years,Some College,"> $75,000",0.0,0.0,0.2063633046111733,0,0,0.7936366953888268
65+ Years,Some College,Below Poverty,0.0,0.0,0.232444342118161,0,0,0.767555657881839
35 - 44 Years,12 Years,Below Poverty,0.0,0.0,0.2240277327236769,0,0,0.7759722672763231
45 - 54 Years,College Graduate,"<= $75,000, Above Poverty",1.0,0.0,0.7781124786720695,1,0,0.22188752132793055
18 - 34 Years,College Graduate,"<= $75,000, Above Poverty",0.0,0.0,0.40862613652056895,1,0,0.591373863479431
65+ Years,College Graduate,"> $75,000",0.0,0.0,0.4426653645381917,1,0,0.5573346354618083
65+ Years,< 12 Years,Below Poverty,0.0,0.0,0.1939479113376725,0,0,0.8060520886623275
18 - 34 Years,Some College,"<= $75,000, Above Poverty",0.0,0.0,0.22337389776606367,0,0,0.7766261022339364
55 - 64 Years,College Graduate,"> $75,000",0.0,0.0,0.3722687727355226,0,0,0.6277312272644774
65+ Years,Some College,"<= $75,000, Above Poverty",0.0,0.0,0.41024840570908694,1,0,0.5897515942909131
45 - 54 Years,Some College,"<= $75,000, Above Poverty",1.0,0.0,0.9382197330983362,1,1,0.06178026690166383
55 - 64 Years,12 Years,"> $75,000",0.0,0.0,0.3481135047609534,0,0,0.6518864952390466
55 - 64 Years,College Graduate,"<= $75,000, Above Poverty",1.0,0.0,0.5844000715556116,1,0,0.4155999284443884
55 - 64 Years,12 Years,"<= $75,000, Above Poverty",1.0,0.0,0.4935759421249874,1,0,0.5064240578750125
55 - 64 Years,Some College,"> $75,000",0.0,1.0,0.605948885212895,1,0,0.394051114787105
35 - 44 Years,Some College,"<= $75,000, Above Poverty",0.0,0.0,0.08972935007090695,0,1,0.910270649929093
45 - 54 Years,Some College,"> $75,000",0.0,1.0,0.928471036801229,1,1,0.071528963198771
18 - 34 Years,College Graduate,"<= $75,000, Above Poverty",0.0,0.0,0.31240049600714065,0,0,0.6875995039928593
65+ Years,Some College,"> $75,000",1.0,0.0,0.8841306124013348,1,0,0.11586938759866516
65+ Years,College Graduate,"<= $75,000, Above Poverty",0.0,0.0,0.5914535439786759,1,0,0.4085464560213241
35 - 44 Years,College Graduate,"<= $75,000, Above Poverty",0.0,0.0,0.44213840705296076,1,0,0.5578615929470392
55 - 64 Years,College Graduate,"> $75,000",1.0,1.0,0.9400803424108939,1,1,0.05991965758910611
55 - 64 Years,College Graduate,"<= $75,000, Above Poverty",0.0,0.0,0.1814303967559966,0,0,0.8185696032440034
35 - 44 Years,12 Years,"<= $75,000, Above Poverty",0.0,0.0,0.22594900478865498,0,0,0.774050995211345
45 - 54 Years,College Graduate,"<= $75,000, Above Poverty",1.0,0.0,0.7468941408899054,1,0,0.25310585911009464
35 - 44 Years,Some College,"> $75,000",0.0,0.0,0.4161133793437057,1,1,0.5838866206562943
65+ Years,12 Years,"<= $75,000, Above Poverty",0.0,0.0,0.4581382920670849,1,0,0.5418617079329151
65+ Years,College Graduate,"<= $75,000, Above Poverty",1.0,0.0,0.6121277800464309,1,0,0.38787221995356913
65+ Years,Some College,"> $75,000",0.0,0.0,0.37817252907079957,0,0,0.6218274709292004
18 - 34 Years,12 Years,"<= $75,000, Above Poverty",0.0,0.0,0.4119171343482273,1,0,0.5880828656517727
45 - 54 Years,Some College,"<= $75,000, Above Poverty",0.0,0.0,0.34488958647147405,0,0,0.655110413528526
65+ Years,12 Years,"<= $75,000, Above Poverty",0.0,0.0,0.30381435734922996,0,0,0.69618564265077
35 - 44 Years,College Graduate,"> $75,000",0.0,0.0,0.5239723927081802,1,0,0.4760276072918198
65+ Years,College Graduate,"<= $75,000, Above Poverty",0.0,0.0,0.39423485817718906,0,0,0.6057651418228109
18 - 34 Years,College Graduate,"> $75,000",0.0,0.0,0.26133016351744914,0,1,0.7386698364825508
65+ Years,12 Years,"<= $75,000, Above Poverty",0.0,0.0,0.3502396738734012,0,1,0.6497603261265987
18 - 34 Years,College Graduate,"<= $75,000, Above Poverty",0.0,0.0,0.36350783726374153,0,1,0.6364921627362585
55 - 64 Years,College Graduate,"> $75,000",0.0,0.0,0.815376892139525,1,0,0.18462310786047498
45 - 54 Years,Some College,"<= $75,000, Above Poverty",0.0,0.0,0.19305862137458302,0,0,0.8069413786254169
65+ Years,Some College,"<= $75,000, Above Poverty",0.0,0.0,0.25534613762313546,0,0,0.7446538623768646
55 - 64 Years,College Graduate,"<= $75,000, Above Poverty",0.0,1.0,0.6399831332704887,1,0,0.3600168667295113
55 - 64 Years,12 Years,"<= $75,000, Above Poverty",0.0,0.0,0.1988608696841107,0,1,0.8011391303158892
18 - 34 Years,< 12 Years,"> $75,000",0.0,0.0,0.4014373670028059,1,0,0.598562632997194
65+ Years,12 Years,"> $75,000",1.0,0.0,0.8271031934315537,1,0,0.1728968065684463
35 - 44 Years,12 Years,Below Poverty,1.0,0.0,0.722831449188767,1,1,0.27716855081123304
55 - 64 Years,College Graduate,"> $75,000",1.0,0.0,0.7442455329988918,1,0,0.25575446700110815
65+ Years,< 12 Years,Below Poverty,1.0,0.0,0.5118102084692391,1,0,0.4881897915307609
55 - 64 Years,12 Years,"<= $75,000, Above Poverty",0.0,1.0,0.6317718692438082,1,0,0.36822813075619176
55 - 64 Years,12 Years,Below Poverty,0.0,0.0,0.35478384298121723,0,0,0.6452161570187828
45 - 54 Years,12 Years,"> $75,000",0.0,0.0,0.2341549449589567,0,0,0.7658450550410433
45 - 54 Years,12 Years,"<= $75,000, Above Poverty",0.0,0.0,0.24544096434855783,0,0,0.7545590356514422
18 - 34 Years,College Graduate,"<= $75,000, Above Poverty",0.0,0.0,0.17546763373904625,0,0,0.8245323662609537
18 - 34 Years,12 Years,Below Poverty,0.0,0.0,0.0890586474845299,0,0,0.9109413525154701
18 - 34 Years,College Graduate,"<= $75,000, Above Poverty",0.0,0.0,0.38525336126275067,0,0,0.6147466387372493
65+ Years,College Graduate,"> $75,000",0.0,0.0,0.41639365208382206,1,1,0.5836063479161779
55 - 64 Years,College Graduate,"<= $75,000, Above Poverty",0.0,0.0,0.4250228455713129,1,0,0.574977154428687
65+ Years,< 12 Years,"<= $75,000, Above Poverty",1.0,0.0,0.6089655345842481,1,0,0.39103446541575193
65+ Years,College Graduate,"> $75,000",1.0,0.0,0.836328248416415,1,0,0.16367175158358505
35 - 44 Years,College Graduate,"> $75,000",0.0,0.0,0.44869794506668387,1,0,0.5513020549333161
55 - 64 Years,Some College,"<= $75,000, Above Poverty",0.0,0.0,0.24882418324825464,0,0,0.7511758167517454
55 - 64 Years,College Graduate,"> $75,000",0.0,0.0,0.4367204426650183,1,0,0.5632795573349817
18 - 34 Years,12 Years,"<= $75,000, Above Poverty",0.0,1.0,0.28003297469715327,0,0,0.7199670253028467
18 - 34 Years,College Graduate,"> $75,000",0.0,1.0,0.6193690025965574,1,1,0.38063099740344264
18 - 34 Years,Some College,"> $75,000",0.0,0.0,0.47138495440879163,1,0,0.5286150455912084
18 - 34 Years,12 Years,"<= $75,000, Above Poverty",0.0,0.0,0.08933579761548417,0,0,0.9106642023845158
45 - 54 Years,College Graduate,"<= $75,000, Above Poverty",0.0,0.0,0.3010351384450366,0,1,0.6989648615549634
35 - 44 Years,College Graduate,"> $75,000",0.0,0.0,0.3965621074748578,0,0,0.6034378925251422
65+ Years,12 Years,"<= $75,000, Above Poverty",0.0,0.0,0.3692485444759934,0,0,0.6307514555240066
45 - 54 Years,College Graduate,"> $75,000",0.0,0.0,0.5588084154781774,1,1,0.4411915845218226
45 - 54 Years,College Graduate,"<= $75,000, Above Poverty",0.0,0.0,0.19832904996849046,0,0,0.8016709500315096
65+ Years,12 Years,"<= $75,000, Above Poverty",0.0,0.0,0.1748919415744568,0,0,0.8251080584255432
18 - 34 Years,< 12 Years,"<= $75,000, Above Poverty",0.0,0.0,0.09726703185935306,0,0,0.902732968140647
35 - 44 Years,College Graduate,"> $75,000",0.0,0.0,0.42405268232229126,1,0,0.5759473176777088
35 - 44 Years,Some College,"<= $75,000, Above Poverty",0.0,0.0,0.3508501327702302,0,0,0.6491498672297698
18 - 34 Years,Some College,"<= $75,000, Above Poverty",0.0,0.0,0.17614141502541808,0,0,0.8238585849745819
65+ Years,< 12 Years,Below Poverty,1.0,0.0,0.7000790920696329,1,0,0.2999209079303671
65+ Years,< 12 Years,"<= $75,000, Above Poverty",0.0,0.0,0.3658266101730824,0,0,0.6341733898269176
55 - 64 Years,College Graduate,"<= $75,000, Above Poverty",0.0,0.0,0.7468273090155535,1,0,0.2531726909844465
65+ Years,12 Years,"<= $75,000, Above Poverty",0.0,0.0,0.34018200911074153,0,1,0.6598179908892585
65+ Years,College Graduate,"<= $75,000, Above Poverty",0.0,0.0,0.4706421424795465,1,0,0.5293578575204535
65+ Years,College Graduate,"<= $75,000, Above Poverty",0.0,0.0,0.23491774079513328,0,0,0.7650822592048667
45 - 54 Years,College Graduate,"<= $75,000, Above Poverty",0.0,0.0,0.37274754855201797,0,0,0.627252451447982
65+ Years,< 12 Years,"<= $75,000, Above Poverty",0.0,0.0,0.4806272541010925,1,1,0.5193727458989075
18 - 34 Years,< 12 Years,"<= $75,000, Above Poverty",0.0,0.0,0.38954840255168366,0,0,0.6104515974483163
18 - 34 Years,12 Years,Below Poverty,1.0,0.0,0.2933885557085062,0,0,0.7066114442914938
65+ Years,12 Years,"<= $75,000, Above Poverty",1.0,0.0,0.9328787159497711,1,1,0.06712128405022888
18 - 34 Years,College Graduate,"<= $75,000, Above Poverty",0.0,0.0,0.3800907742327008,0,0,0.6199092257672991
35 - 44 Years,< 12 Years,"<= $75,000, Above Poverty",0.0,0.0,0.2894851011257465,0,0,0.7105148988742536
65+ Years,Some College,"<= $75,000, Above Poverty",0.0,0.0,0.5184469179709117,1,0,0.4815530820290883
45 - 54 Years,12 Years,"<= $75,000, Above Poverty",0.0,0.0,0.16225602785069598,0,0,0.8377439721493041
65+ Years,Some College,"<= $75,000, Above Poverty",0.0,0.0,0.5446061548079608,1,0,0.4553938451920392
18 - 34 Years,12 Years,"<= $75,000, Above Poverty",0.0,0.0,0.27369895893629076,0,0,0.7263010410637092
35 - 44 Years,College Graduate,"<= $75,000, Above Poverty",1.0,1.0,0.934737564091141,1,0,0.06526243590885905
18 - 34 Years,Some College,"> $75,000",0.0,0.0,0.7317652282062932,1,0,0.2682347717937068
65+ Years,12 Years,"<= $75,000, Above Poverty",0.0,0.0,0.490384122196033,1,0,0.509615877803967
35 - 44 Years,Some College,"<= $75,000, Above Poverty",0.0,0.0,0.025459280046714772,0,0,0.9745407199532852
18 - 34 Years,Some College,"<= $75,000, Above Poverty",0.0,0.0,0.34908660188153556,0,0,0.6509133981184645
18 - 34 Years,< 12 Years,Below Poverty,0.0,0.0,0.23937548663987837,0,0,0.7606245133601216
18 - 34 Years,Some College,"<= $75,000, Above Poverty",0.0,0.0,0.08914441852572019,0,0,0.9108555814742798
65+ Years,College Graduate,"<= $75,000, Above Poverty",1.0,1.0,0.980009967183057,1,1,0.019990032816943004
55 - 64 Years,College Graduate,Below Poverty,0.0,0.0,0.5144994324617007,1,0,0.4855005675382993
55 - 64 Years,College Graduate,"<= $75,000, Above Poverty",0.0,0.0,0.302656726920947,0,0,0.697343273079053
35 - 44 Years,College Graduate,"<= $75,000, Above Poverty",0.0,0.0,0.35479791004845523,0,0,0.6452020899515447
65+ Years,College Graduate,"<= $75,000, Above Poverty",0.0,0.0,0.27849678946082507,0,0,0.721503210539175
35 - 44 Years,12 Years,"<= $75,000, Above Poverty",0.0,0.0,0.4751214836207758,1,0,0.5248785163792242
35 - 44 Years,< 12 Years,"> $75,000",0.0,0.0,0.20745382774651838,0,0,0.7925461722534817
18 - 34 Years,Some College,"<= $75,000, Above Poverty",1.0,0.0,0.4943359971376506,1,1,0.5056640028623494
45 - 54 Years,College Graduate,"> $75,000",0.0,0.0,0.2749249068410434,0,1,0.7250750931589566
55 - 64 Years,College Graduate,"> $75,000",0.0,0.0,0.35171315133502185,0,0,0.6482868486649782
45 - 54 Years,12 Years,"<= $75,000, Above Poverty",1.0,0.0,0.6770753887873432,1,0,0.3229246112126568
55 - 64 Years,College Graduate,"> $75,000",0.0,1.0,0.3525749662347528,0,0,0.6474250337652472
65+ Years,12 Years,"<= $75,000, Above Poverty",0.0,0.0,0.24266575991321335,0,0,0.7573342400867866
65+ Years,12 Years,"<= $75,000, Above Poverty",0.0,0.0,0.20899917770968832,0,0,0.7910008222903117
65+ Years,Some College,Below Poverty,0.0,0.0,0.34368632549027,0,0,0.65631367450973
45 - 54 Years,12 Years,"<= $75,000, Above Poverty",0.0,0.0,0.20097393804244326,0,0,0.7990260619575568
35 - 44 Years,12 Years,"> $75,000",1.0,0.0,0.7662778244974652,1,0,0.23372217550253482
45 - 54 Years,College Graduate,"<= $75,000, Above Poverty",1.0,0.0,0.8366833707680225,1,1,0.16331662923197754
55 - 64 Years,College Graduate,"> $75,000",0.0,0.0,0.37281990865155185,0,0,0.6271800913484482
65+ Years,12 Years,"<= $75,000, Above Poverty",0.0,0.0,0.590983299682719,1,0,0.409016700317281
45 - 54 Years,< 12 Years,Below Poverty,0.0,0.0,0.6670237896165253,1,0,0.3329762103834747
65+ Years,College Graduate,"<= $75,000, Above Poverty",0.0,0.0,0.3556424529067085,0,0,0.6443575470932915
45 - 54 Years,Some College,"<= $75,000, Above Poverty",0.0,1.0,0.6990962352180117,1,1,0.3009037647819883
35 - 44 Years,College Graduate,"<= $75,000, Above Poverty",0.0,0.0,0.40371755923675373,1,0,0.5962824407632463
45 - 54 Years,College Graduate,"<= $75,000, Above Poverty",1.0,0.0,0.7096712962268051,1,1,0.29032870377319486
55 - 64 Years,Some College,"<= $75,000, Above Poverty",0.0,0.0,0.47905718780366785,1,0,0.5209428121963322
65+ Years,< 12 Years,"<= $75,000, Above Poverty",0.0,0.0,0.1732095911181825,0,0,0.8267904088818175
55 - 64 Years,College Graduate,"<= $75,000, Above Poverty",1.0,0.0,0.5686273367468547,1,0,0.43137266325314527
65+ Years,College Graduate,"<= $75,000, Above Poverty",0.0,1.0,0.757491323385323,1,0,0.242508676614677
65+ Years,12 Years,"<= $75,000, Above Poverty",0.0,0.0,0.3047964134458577,0,0,0.6952035865541424
55 - 64 Years,College Graduate,"<= $75,000, Above Poverty",0.0,0.0,0.37923025014157585,0,0,0.6207697498584241
18 - 34 Years,12 Years,Below Poverty,0.0,0.0,0.25452050946073046,0,0,0.7454794905392695
45 - 54 Years,College Graduate,"<= $75,000, Above Poverty",0.0,0.0,0.3197171179574182,0,0,0.6802828820425818
65+ Years,12 Years,"<= $75,000, Above Poverty",0.0,0.0,0.2202621794240951,0,0,0.7797378205759049
45 - 54 Years,Some College,"> $75,000",0.0,0.0,0.08609202420073636,0,0,0.9139079757992636
18 - 34 Years,College Graduate,"<= $75,000, Above Poverty",0.0,0.0,0.04179773923662958,0,0,0.9582022607633705
18 - 34 Years,12 Years,Below Poverty,0.0,0.0,0.30036153126293935,0,0,0.6996384687370607
35 - 44 Years,College Graduate,"<= $75,000, Above Poverty",0.0,0.0,0.3883388188957557,0,0,0.6116611811042443
18 - 34 Years,12 Years,"<= $75,000, Above Poverty",0.0,0.0,0.26140644603508506,0,0,0.7385935539649149
45 - 54 Years,College Graduate,"<= $75,000, Above Poverty",1.0,0.0,0.7844728692800313,1,1,0.21552713071996865
18 - 34 Years,< 12 Years,Below Poverty,0.0,0.0,0.19526891338088126,0,0,0.8047310866191187
35 - 44 Years,College Graduate,"> $75,000",0.0,0.0,0.2210329449526317,0,0,0.7789670550473683
45 - 54 Years,12 Years,Below Poverty,1.0,0.0,0.8480061454591863,1,0,0.1519938545408137
55 - 64 Years,College Graduate,"<= $75,000, Above Poverty",0.0,0.0,0.6083405467534968,1,0,0.3916594532465032
45 - 54 Years,Some College,"> $75,000",1.0,1.0,0.9487050165678598,1,1,0.05129498343214023
45 - 54 Years,College Graduate,Below Poverty,0.0,1.0,0.5764140459293189,1,0,0.4235859540706811
18 - 34 Years,College Graduate,"<= $75,000, Above Poverty",0.0,0.0,0.14619601355813558,0,0,0.8538039864418644
45 - 54 Years,Some College,"<= $75,000, Above Poverty",0.0,0.0,0.3254220800541284,0,0,0.6745779199458716
45 - 54 Years,12 Years,"<= $75,000, Above Poverty",0.0,0.0,0.2027110452966556,0,0,0.7972889547033444
18 - 34 Years,College Graduate,"<= $75,000, Above Poverty",0.0,0.0,0.3778034395563465,0,0,0.6221965604436535
55 - 64 Years,College Graduate,"<= $75,000, Above Poverty",0.0,0.0,0.5165758316111406,1,0,0.4834241683888594
65+ Years,Some College,Below Poverty,1.0,0.0,0.3820196227322147,0,0,0.6179803772677853
45 - 54 Years,12 Years,"<= $75,000, Above Poverty",0.0,0.0,0.21363157370050007,0,0,0.7863684262994999
18 - 34 Years,College Graduate,"<= $75,000, Above Poverty",0.0,0.0,0.257380288270182,0,0,0.742619711729818
65+ Years,College Graduate,"<= $75,000, Above Poverty",1.0,0.0,0.8537028740369305,1,0,0.14629712596306954
45 - 54 Years,Some College,"<= $75,000, Above Poverty",0.0,0.0,0.15593915341080747,0,0,0.8440608465891926
65+ Years,12 Years,Below Poverty,0.0,0.0,0.4322223083892717,1,0,0.5677776916107282
35 - 44 Years,College Graduate,"<= $75,000, Above Poverty",0.0,0.0,0.48075023954371043,1,0,0.5192497604562896
45 - 54 Years,College Graduate,"> $75,000",0.0,1.0,0.92777238705423,1,1,0.07222761294576996
65+ Years,12 Years,"<= $75,000, Above Poverty",1.0,0.0,0.8424853157853647,1,1,0.15751468421463533
65+ Years,Some College,"<= $75,000, Above Poverty",0.0,1.0,0.5584180191149054,1,0,0.4415819808850946
65+ Years,12 Years,"<= $75,000, Above Poverty",0.0,0.0,0.42019637795467096,1,1,0.5798036220453291
55 - 64 Years,Some College,"<= $75,000, Above Poverty",0.0,0.0,0.20453943913930872,0,0,0.7954605608606913
45 - 54 Years,College Graduate,"> $75,000",0.0,0.0,0.10278911718228555,0,0,0.8972108828177144
55 - 64 Years,Some College,"<= $75,000, Above Poverty",1.0,0.0,0.9018505692294483,1,1,0.09814943077055172
35 - 44 Years,Some College,"<= $75,000, Above Poverty",0.0,0.0,0.09899217446681678,0,0,0.9010078255331833
45 - 54 Years,College Graduate,"<= $75,000, Above Poverty",0.0,0.0,0.3286639018905356,0,1,0.6713360981094644
55 - 64 Years,12 Years,"<= $75,000, Above Poverty",0.0,0.0,0.20238491671773895,0,0,0.797615083282261
45 - 54 Years,12 Years,"<= $75,000, Above Poverty",0.0,0.0,0.09302659838049948,0,0,0.9069734016195006
35 - 44 Years,College Graduate,"> $75,000",1.0,0.0,0.8552073708242166,1,1,0.1447926291757834
65+ Years,Some College,"<= $75,000, Above Poverty",0.0,0.0,0.32208429201817224,0,0,0.6779157079818278
18 - 34 Years,Some College,"<= $75,000, Above Poverty",1.0,1.0,0.7530766570212003,1,1,0.2469233429787997
35 - 44 Years,Some College,"> $75,000",0.0,0.0,0.23692492759938266,0,0,0.7630750724006173
65+ Years,12 Years,Below Poverty,0.0,0.0,0.10638723136518642,0,0,0.8936127686348135
35 - 44 Years,College Graduate,"<= $75,000, Above Poverty",1.0,0.0,0.7659853180954745,1,1,0.23401468190452546
45 - 54 Years,College Graduate,"<= $75,000, Above Poverty",0.0,0.0,0.20686189963182164,0,0,0.7931381003681783
18 - 34 Years,College Graduate,"<= $75,000, Above Poverty",1.0,1.0,0.5551221091761483,1,0,0.44487789082385165
45 - 54 Years,College Graduate,"<= $75,000, Above Poverty",0.0,1.0,0.622136627304732,1,0,0.37786337269526804
45 - 54 Years,College Graduate,"> $75,000",0.0,0.0,0.4852662264586785,1,0,0.5147337735413215
55 - 64 Years,12 Years,Below Poverty,1.0,0.0,0.7781773646238181,1,0,0.22182263537618185
65+ Years,College Graduate,"<= $75,000, Above Poverty",1.0,0.0,0.40054502319462615,1,0,0.5994549768053739
65+ Years,Some College,"<= $75,000, Above Poverty",0.0,0.0,0.3764939617593753,0,1,0.6235060382406248
45 - 54 Years,College Graduate,"<= $75,000, Above Poverty",1.0,1.0,0.946211354616045,1,1,0.053788645383955
18 - 34 Years,College Graduate,"<= $75,000, Above Poverty",0.0,0.0,0.37757339432897646,0,1,0.6224266056710235
45 - 54 Years,College Graduate,"<= $75,000, Above Poverty",1.0,0.0,0.5848559781828747,1,0,0.4151440218171253
18 - 34 Years,College Graduate,"> $75,000",0.0,0.0,0.2676188766232482,0,0,0.7323811233767519
65+ Years,12 Years,Below Poverty,0.0,1.0,0.5061973782353318,1,0,0.49380262176466816
55 - 64 Years,12 Years,"<= $75,000, Above Poverty",0.0,0.0,0.15975726241321336,0,0,0.8402427375867867
65+ Years,College Graduate,"<= $75,000, Above Poverty",1.0,0.0,0.8177415263308808,1,1,0.18225847366911918
35 - 44 Years,College Graduate,"<= $75,000, Above Poverty",0.0,0.0,0.14630650180187504,0,1,0.853693498198125
65+ Years,College Graduate,"> $75,000",1.0,0.0,0.9006169885885581,1,0,0.0993830114114419
18 - 34 Years,< 12 Years,"<= $75,000, Above Poverty",0.0,0.0,0.09349383924734742,0,0,0.9065061607526526
45 - 54 Years,12 Years,"<= $75,000, Above Poverty",0.0,0.0,0.13801749242554065,0,0,0.8619825075744594
65+ Years,12 Years,"<= $75,000, Above Poverty",0.0,0.0,0.2750118661880764,0,1,0.7249881338119236
35 - 44 Years,College Graduate,"<= $75,000, Above Poverty",0.0,0.0,0.23118493765400233,0,1,0.7688150623459977
65+ Years,College Graduate,"<= $75,000, Above Poverty",0.0,0.0,0.3603170600331398,0,0,0.6396829399668602
45 - 54 Years,College Graduate,"<= $75,000, Above Poverty",1.0,0.0,0.8073578401896653,1,0,0.19264215981033472
18 - 34 Years,College Graduate,"<= $75,000, Above Poverty",0.0,0.0,0.1159069758685649,0,0,0.8840930241314351
55 - 64 Years,12 Years,"<= $75,000, Above Poverty",1.0,0.0,0.12820312031443246,0,0,0.8717968796855675
65+ Years,College Graduate,"<= $75,000, Above Poverty",0.0,0.0,0.11177945613156703,0,0,0.888220543868433
18 - 34 Years,12 Years,Below Poverty,0.0,0.0,0.3321176622713696,0,0,0.6678823377286305
65+ Years,Some College,"<= $75,000, Above Poverty",0.0,0.0,0.2194071053089875,0,0,0.7805928946910126
65+ Years,12 Years,"<= $75,000, Above Poverty",0.0,0.0,0.2248515654820872,0,0,0.7751484345179128
35 - 44 Years,Some College,"> $75,000",0.0,1.0,0.7478522030037574,1,0,0.25214779699624257
18 - 34 Years,College Graduate,"<= $75,000, Above Poverty",1.0,1.0,0.898262219616769,1,1,0.101737780383231
35 - 44 Years,12 Years,"<= $75,000, Above Poverty",0.0,1.0,0.2315685277177792,0,0,0.7684314722822208
65+ Years,12 Years,"<= $75,000, Above Poverty",0.0,0.0,0.1789946043374168,0,0,0.8210053956625832
35 - 44 Years,Some College,"> $75,000",0.0,0.0,0.20457411828657787,0,0,0.7954258817134221
18 - 34 Years,12 Years,Below Poverty,0.0,0.0,0.14291692994107602,0,0,0.857083070058924
55 - 64 Years,Some College,"<= $75,000, Above Poverty",0.0,0.0,0.20659678411166596,0,0,0.7934032158883341
55 - 64 Years,College Graduate,"<= $75,000, Above Poverty",0.0,0.0,0.3705517664488602,0,1,0.6294482335511398
45 - 54 Years,College Graduate,"<= $75,000, Above Poverty",0.0,0.0,0.2352064097330026,0,0,0.7647935902669973
45 - 54 Years,College Graduate,"> $75,000",0.0,0.0,0.5449987134751412,1,0,0.45500128652485883
55 - 64 Years,College Graduate,"> $75,000",0.0,0.0,0.36431482901532597,0,0,0.635685170984674
65+ Years,College Graduate,"> $75,000",0.0,0.0,0.3089077726884378,0,0,0.6910922273115623
45 - 54 Years,College Graduate,"<= $75,000, Above Poverty",1.0,0.0,0.7706530968246676,1,1,0.22934690317533235
45 - 54 Years,< 12 Years,"<= $75,000, Above Poverty",0.0,0.0,0.14098648040635592,0,0,0.8590135195936441
65+ Years,Some College,"<= $75,000, Above Poverty",1.0,0.0,0.8316064586550795,1,1,0.16839354134492046
45 - 54 Years,12 Years,"> $75,000",0.0,0.0,0.22342209290655482,0,0,0.7765779070934452
55 - 64 Years,College Graduate,"<= $75,000, Above Poverty",0.0,0.0,0.14766034532005362,0,0,0.8523396546799464
65+ Years,College Graduate,"<= $75,000, Above Poverty",0.0,0.0,0.21132246770237736,0,0,0.7886775322976226
65+ Years,< 12 Years,"<= $75,000, Above Poverty",0.0,0.0,0.23740377900288476,0,0,0.7625962209971152
18 - 34 Years,College Graduate,"> $75,000",0.0,0.0,0.5660021171171464,1,0,0.43399788288285357
35 - 44 Years,College Graduate,"> $75,000",0.0,0.0,0.1921912135811861,0,0,0.8078087864188139
35 - 44 Years,12 Years,"> $75,000",0.0,0.0,0.3108635112462248,0,0,0.6891364887537752
35 - 44 Years,College Graduate,"<= $75,000, Above Poverty",0.0,1.0,0.7076313624072502,1,0,0.2923686375927498
18 - 34 Years,Some College,"<= $75,000, Above Poverty",1.0,0.0,0.684339116008239,1,0,0.31566088399176095
18 - 34 Years,Some College,Below Poverty,0.0,0.0,0.34773292738029365,0,0,0.6522670726197064
35 - 44 Years,College Graduate,"> $75,000",0.0,0.0,0.29762760872190336,0,0,0.7023723912780966
65+ Years,College Graduate,"> $75,000",0.0,1.0,0.8592385823435579,1,0,0.14076141765644212
35 - 44 Years,Some College,"<= $75,000, Above Poverty",1.0,0.0,0.8435347141026638,1,1,0.15646528589733621
65+ Years,Some College,"<= $75,000, Above Poverty",0.0,0.0,0.42491793561536234,1,0,0.5750820643846377
55 - 64 Years,12 Years,"<= $75,000, Above Poverty",0.0,0.0,0.401712048484067,1,0,0.598287951515933
35 - 44 Years,College Graduate,"> $75,000",0.0,0.0,0.3821662926315654,0,0,0.6178337073684346
18 - 34 Years,12 Years,"<= $75,000, Above Poverty",0.0,0.0,0.3587513412809892,0,0,0.6412486587190108
35 - 44 Years,Some College,"> $75,000",0.0,1.0,0.32732242582685733,0,0,0.6726775741731427
65+ Years,College Graduate,"<= $75,000, Above Poverty",0.0,0.0,0.15574239203673695,0,0,0.8442576079632631
18 - 34 Years,Some College,"<= $75,000, Above Poverty",0.0,1.0,0.21839727433607245,0,0,0.7816027256639275
18 - 34 Years,Some College,"> $75,000",0.0,1.0,0.49925511306679715,1,0,0.5007448869332028
18 - 34 Years,Some College,"> $75,000",1.0,0.0,0.7356593923472827,1,0,0.2643406076527173
45 - 54 Years,12 Years,"<= $75,000, Above Poverty",1.0,0.0,0.6388645876623593,1,1,0.3611354123376407
35 - 44 Years,College Graduate,"<= $75,000, Above Poverty",0.0,1.0,0.4424370157191381,1,0,0.5575629842808618
55 - 64 Years,Some College,"> $75,000",0.0,0.0,0.662765095102721,1,0,0.33723490489727903
65+ Years,College Graduate,"<= $75,000, Above Poverty",0.0,0.0,0.4905790370344235,1,0,0.5094209629655765
18 - 34 Years,College Graduate,"<= $75,000, Above Poverty",0.0,1.0,0.5411421983135721,1,0,0.45885780168642787
55 - 64 Years,12 Years,"<= $75,000, Above Poverty",0.0,0.0,0.08840246812040368,0,0,0.9115975318795964
65+ Years,College Graduate,"<= $75,000, Above Poverty",0.0,0.0,0.352938611725024,0,0,0.6470613882749761
45 - 54 Years,College Graduate,"> $75,000",0.0,0.0,0.0911446451295111,0,0,0.9088553548704889
65+ Years,12 Years,"<= $75,000, Above Poverty",0.0,0.0,0.20506475162134374,0,0,0.7949352483786563
18 - 34 Years,College Graduate,"<= $75,000, Above Poverty",0.0,0.0,0.243366876447259,0,0,0.756633123552741
55 - 64 Years,12 Years,"<= $75,000, Above Poverty",0.0,0.0,0.3648803102208742,0,1,0.6351196897791258
35 - 44 Years,College Graduate,"<= $75,000, Above Poverty",1.0,1.0,0.9107193725524335,1,1,0.08928062744756649
18 - 34 Years,12 Years,"<= $75,000, Above Poverty",0.0,0.0,0.17947442384271398,0,0,0.820525576157286
65+ Years,College Graduate,"<= $75,000, Above Poverty",0.0,0.0,0.12030865591302849,0,0,0.8796913440869715
35 - 44 Years,College Graduate,"<= $75,000, Above Poverty",0.0,0.0,0.12431149656810468,0,0,0.8756885034318953
45 - 54 Years,College Graduate,"<= $75,000, Above Poverty",0.0,0.0,0.49924432707426286,1,0,0.5007556729257372
18 - 34 Years,12 Years,Below Poverty,0.0,0.0,0.1761829578213027,0,0,0.8238170421786973
55 - 64 Years,College Graduate,"> $75,000",1.0,0.0,0.6829240335778709,1,1,0.3170759664221291
45 - 54 Years,College Graduate,"> $75,000",0.0,0.0,0.5409027984047748,1,1,0.45909720159522516
35 - 44 Years,College Graduate,"<= $75,000, Above Poverty",0.0,0.0,0.34094809072103527,0,0,0.6590519092789647
55 - 64 Years,12 Years,"<= $75,000, Above Poverty",1.0,1.0,0.9669629506266224,1,1,0.03303704937337759
18 - 34 Years,Some College,"> $75,000",0.0,1.0,0.505112371254973,1,1,0.494887628745027
55 - 64 Years,Some College,"<= $75,000, Above Poverty",0.0,0.0,0.7380504255362034,1,1,0.26194957446379663
55 - 64 Years,Some College,Below Poverty,0.0,0.0,0.1883695011863793,0,0,0.8116304988136207
18 - 34 Years,12 Years,Below Poverty,0.0,0.0,0.24230396091430997,0,0,0.75769603908569
45 - 54 Years,College Graduate,"> $75,000",0.0,0.0,0.2678626761704986,0,0,0.7321373238295015
45 - 54 Years,Some College,"<= $75,000, Above Poverty",0.0,0.0,0.3186838981632196,0,0,0.6813161018367804
55 - 64 Years,College Graduate,"> $75,000",0.0,0.0,0.4521502456555534,1,0,0.5478497543444466
65+ Years,12 Years,"<= $75,000, Above Poverty",0.0,0.0,0.069556873609218,0,0,0.930443126390782
35 - 44 Years,College Graduate,"<= $75,000, Above Poverty",0.0,0.0,0.36464349341585695,0,0,0.6353565065841431
65+ Years,College Graduate,"<= $75,000, Above Poverty",1.0,0.0,0.8848148206214399,1,1,0.1151851793785601
35 - 44 Years,12 Years,"<= $75,000, Above Poverty",0.0,0.0,0.14378369167768199,0,0,0.856216308322318
18 - 34 Years,College Graduate,"<= $75,000, Above Poverty",0.0,0.0,0.17791826292411822,0,0,0.8220817370758817
35 - 44 Years,Some College,"<= $75,000, Above Poverty",1.0,0.0,0.6703211283439888,1,0,0.3296788716560112
65+ Years,Some College,"<= $75,000, Above Poverty",0.0,0.0,0.4431249067765194,1,1,0.5568750932234806
65+ Years,12 Years,"<= $75,000, Above Poverty",0.0,0.0,0.2767962042405792,0,0,0.7232037957594208
65+ Years,College Graduate,"<= $75,000, Above Poverty",1.0,0.0,0.9359901574871287,1,1,0.06400984251287134
55 - 64 Years,12 Years,"<= $75,000, Above Poverty",1.0,0.0,0.6029651701425567,1,1,0.3970348298574433
45 - 54 Years,College Graduate,"<= $75,000, Above Poverty",0.0,1.0,0.486723223233982,1,0,0.513276776766018
45 - 54 Years,Some College,"<= $75,000, Above Poverty",0.0,1.0,0.7549271466824745,1,1,0.24507285331752549
18 - 34 Years,Some College,"<= $75,000, Above Poverty",1.0,0.0,0.687844762013873,1,0,0.312155237986127
55 - 64 Years,College Graduate,"<= $75,000, Above Poverty",0.0,0.0,0.1424291481316152,0,0,0.8575708518683848
18 - 34 Years,< 12 Years,"<= $75,000, Above Poverty",0.0,0.0,0.7167455120221335,1,1,0.28325448797786645
55 - 64 Years,< 12 Years,"<= $75,000, Above Poverty",0.0,0.0,0.15979566076045246,0,0,0.8402043392395475
18 - 34 Years,College Graduate,"<= $75,000, Above Poverty",1.0,1.0,0.8635122421438729,1,0,0.1364877578561271
45 - 54 Years,12 Years,Below Poverty,1.0,0.0,0.8852529349469102,1,1,0.11474706505308985
45 - 54 Years,College Graduate,"> $75,000",0.0,0.0,0.24677516936857125,0,0,0.7532248306314288
65+ Years,College Graduate,"<= $75,000, Above Poverty",0.0,0.0,0.3682543481962613,0,0,0.6317456518037388
65+ Years,< 12 Years,"<= $75,000, Above Poverty",1.0,0.0,0.8115955820975832,1,0,0.1884044179024168
55 - 64 Years,Some College,"<= $75,000, Above Poverty",0.0,0.0,0.06879696752119445,0,0,0.9312030324788055
45 - 54 Years,< 12 Years,Below Poverty,1.0,1.0,0.9696080009522366,1,1,0.03039199904776335
65+ Years,College Graduate,"> $75,000",0.0,0.0,0.37767674683249447,0,0,0.6223232531675056
35 - 44 Years,< 12 Years,"<= $75,000, Above Poverty",1.0,1.0,0.841282436149222,1,1,0.15871756385077795
35 - 44 Years,College Graduate,"> $75,000",0.0,1.0,0.7432303778645315,1,1,0.2567696221354685
45 - 54 Years,12 Years,"> $75,000",1.0,0.0,0.6571679750456819,1,0,0.3428320249543181
45 - 54 Years,12 Years,"> $75,000",1.0,0.0,0.6991999128107286,1,1,0.3008000871892714
45 - 54 Years,College Graduate,"> $75,000",0.0,0.0,0.18579488569761765,0,0,0.8142051143023823
65+ Years,Some College,"<= $75,000, Above Poverty",0.0,0.0,0.05579974640496604,0,0,0.944200253595034
65+ Years,12 Years,"<= $75,000, Above Poverty",0.0,0.0,0.12351515688710854,0,0,0.8764848431128914
55 - 64 Years,College Graduate,"> $75,000",1.0,0.0,0.8516377758546348,1,0,0.14836222414536515
55 - 64 Years,College Graduate,"> $75,000",0.0,0.0,0.6603602391866052,1,0,0.33963976081339475
45 - 54 Years,College Graduate,"> $75,000",0.0,0.0,0.08592549511046378,0,0,0.9140745048895362
65+ Years,College Graduate,"> $75,000",0.0,0.0,0.4666164036831298,1,0,0.5333835963168703
45 - 54 Years,College Graduate,"> $75,000",0.0,0.0,0.39375078813991027,0,0,0.6062492118600897
55 - 64 Years,12 Years,Below Poverty,0.0,0.0,0.23993514897241755,0,0,0.7600648510275825
18 - 34 Years,< 12 Years,"<= $75,000, Above Poverty",0.0,0.0,0.22917105065551466,0,0,0.7708289493444853
55 - 64 Years,Some College,"<= $75,000, Above Poverty",0.0,0.0,0.6773139671113999,1,1,0.3226860328886001
35 - 44 Years,College Graduate,"> $75,000",0.0,0.0,0.22756973348512696,0,0,0.772430266514873
55 - 64 Years,Some College,"<= $75,000, Above Poverty",0.0,0.0,0.3537313932884093,0,0,0.6462686067115907
55 - 64 Years,Some College,"<= $75,000, Above Poverty",0.0,0.0,0.26654330760663425,0,0,0.7334566923933658
65+ Years,12 Years,"<= $75,000, Above Poverty",0.0,0.0,0.4296163948077093,1,0,0.5703836051922907
18 - 34 Years,College Graduate,"> $75,000",0.0,0.0,0.2526506826050586,0,0,0.7473493173949415
35 - 44 Years,College Graduate,"<= $75,000, Above Poverty",0.0,0.0,0.32283681255947777,0,0,0.6771631874405222
55 - 64 Years,Some College,"<= $75,000, Above Poverty",0.0,0.0,0.4667348856498042,1,0,0.5332651143501959
45 - 54 Years,12 Years,"<= $75,000, Above Poverty",0.0,0.0,0.34049051215090936,0,0,0.6595094878490906
55 - 64 Years,Some College,"> $75,000",1.0,0.0,0.9579517431046066,1,1,0.04204825689539338
45 - 54 Years,Some College,"> $75,000",0.0,0.0,0.11453222810755705,0,0,0.885467771892443
18 - 34 Years,College Graduate,"> $75,000",0.0,1.0,0.7308745327531778,1,0,0.2691254672468222
35 - 44 Years,College Graduate,"> $75,000",0.0,0.0,0.24235286267005907,0,0,0.7576471373299409
18 - 34 Years,Some College,"<= $75,000, Above Poverty",1.0,0.0,0.6033933163466678,1,0,0.3966066836533322
45 - 54 Years,12 Years,Below Poverty,1.0,0.0,0.8583025413177188,1,1,0.14169745868228123
55 - 64 Years,12 Years,"<= $75,000, Above Poverty",1.0,0.0,0.8197264105551527,1,1,0.18027358944484728
45 - 54 Years,College Graduate,"> $75,000",0.0,1.0,0.5544304512534479,1,0,0.4455695487465521
55 - 64 Years,Some College,"<= $75,000, Above Poverty",0.0,0.0,0.4486026573279369,1,0,0.5513973426720631
55 - 64 Years,College Graduate,"<= $75,000, Above Poverty",0.0,0.0,0.43155322278392066,1,1,0.5684467772160793
55 - 64 Years,College Graduate,"> $75,000",0.0,0.0,0.24260727012245212,0,0,0.7573927298775479
35 - 44 Years,Some College,"> $75,000",1.0,1.0,0.9462447279452322,1,1,0.05375527205476782
45 - 54 Years,College Graduate,"<= $75,000, Above Poverty",0.0,0.0,0.30968515809708136,0,0,0.6903148419029186
45 - 54 Years,12 Years,"<= $75,000, Above Poverty",0.0,0.0,0.18329353514644076,0,0,0.8167064648535592
55 - 64 Years,Some College,"<= $75,000, Above Poverty",0.0,0.0,0.10610075770148167,0,0,0.8938992422985184
65+ Years,12 Years,"<= $75,000, Above Poverty",1.0,1.0,0.9388897108818683,1,0,0.061110289118131655
65+ Years,< 12 Years,"<= $75,000, Above Poverty",1.0,0.0,0.31572224447004277,0,1,0.6842777555299573
65+ Years,12 Years,"<= $75,000, Above Poverty",0.0,0.0,0.2607431227116217,0,0,0.7392568772883783
18 - 34 Years,Some College,"<= $75,000, Above Poverty",0.0,0.0,0.23376539034649121,0,0,0.7662346096535088
65+ Years,< 12 Years,Below Poverty,0.0,0.0,0.4048809940161048,1,1,0.5951190059838952
18 - 34 Years,Some College,"<= $75,000, Above Poverty",1.0,0.0,0.6562195636754687,1,0,0.34378043632453126
55 - 64 Years,Some College,"<= $75,000, Above Poverty",0.0,1.0,0.5461821860201987,1,1,0.45381781397980125
35 - 44 Years,College Graduate,"<= $75,000, Above Poverty",0.0,0.0,0.20817778987240051,0,0,0.7918222101275995
18 - 34 Years,< 12 Years,"<= $75,000, Above Poverty",0.0,0.0,0.25203460631827157,0,0,0.7479653936817284
18 - 34 Years,College Graduate,"<= $75,000, Above Poverty",0.0,1.0,0.24081941481356411,0,1,0.7591805851864359
45 - 54 Years,College Graduate,"> $75,000",0.0,0.0,0.28381619367169486,0,0,0.7161838063283051
35 - 44 Years,College Graduate,"<= $75,000, Above Poverty",0.0,0.0,0.24576574198645354,0,0,0.7542342580135465
65+ Years,Some College,"<= $75,000, Above Poverty",0.0,0.0,0.15057106064565243,0,1,0.8494289393543476
65+ Years,Some College,"<= $75,000, Above Poverty",1.0,0.0,0.9263518294958044,1,1,0.07364817050419559
55 - 64 Years,12 Years,"<= $75,000, Above Poverty",1.0,0.0,0.6029680723291629,1,0,0.39703192767083706
65+ Years,12 Years,"<= $75,000, Above Poverty",0.0,0.0,0.3187305753244418,0,0,0.6812694246755582
35 - 44 Years,College Graduate,"<= $75,000, Above Poverty",0.0,0.0,0.28822546950658007,0,0,0.71177453049342
18 - 34 Years,< 12 Years,Below Poverty,0.0,0.0,0.34556700753858244,0,0,0.6544329924614176
65+ Years,College Graduate,"> $75,000",0.0,0.0,0.49893314672971534,1,0,0.5010668532702847
18 - 34 Years,Some College,"> $75,000",0.0,0.0,0.0425163368795466,0,0,0.9574836631204534
18 - 34 Years,College Graduate,"<= $75,000, Above Poverty",0.0,0.0,0.18167183365909287,0,0,0.8183281663409071
65+ Years,< 12 Years,"<= $75,000, Above Poverty",1.0,0.0,0.8335325392831915,1,1,0.1664674607168085
35 - 44 Years,College Graduate,"<= $75,000, Above Poverty",0.0,0.0,0.5166196890502688,1,0,0.4833803109497312
45 - 54 Years,Some College,"<= $75,000, Above Poverty",0.0,0.0,0.3497219498712223,0,0,0.6502780501287777
45 - 54 Years,College Graduate,"> $75,000",0.0,0.0,0.34741595685219917,0,0,0.6525840431478008
55 - 64 Years,Some College,"<= $75,000, Above Poverty",0.0,0.0,0.3370583530055454,0,1,0.6629416469944547
55 - 64 Years,12 Years,"<= $75,000, Above Poverty",0.0,0.0,0.28782036138981437,0,0,0.7121796386101856
55 - 64 Years,College Graduate,"<= $75,000, Above Poverty",0.0,0.0,0.35378235591690654,0,0,0.6462176440830935
45 - 54 Years,Some College,"<= $75,000, Above Poverty",0.0,0.0,0.33932531467979177,0,0,0.6606746853202082
18 - 34 Years,Some College,Below Poverty,0.0,0.0,0.04352473394819864,0,0,0.9564752660518013
65+ Years,College Graduate,"> $75,000",1.0,0.0,0.963692458061748,1,1,0.03630754193825203
18 - 34 Years,12 Years,"<= $75,000, Above Poverty",0.0,0.0,0.15647229408590083,0,0,0.8435277059140992
18 - 34 Years,12 Years,"<= $75,000, Above Poverty",0.0,0.0,0.4254864020028665,1,0,0.5745135979971334
45 - 54 Years,College Graduate,"> $75,000",0.0,0.0,0.1849099181314654,0,1,0.8150900818685346
35 - 44 Years,12 Years,"<= $75,000, Above Poverty",1.0,0.0,0.7102097759021649,1,1,0.28979022409783506
65+ Years,12 Years,"<= $75,000, Above Poverty",0.0,1.0,0.6368206394083233,1,0,0.36317936059167666
65+ Years,Some College,"<= $75,000, Above Poverty",0.0,1.0,0.5106703417893237,1,0,0.4893296582106763
45 - 54 Years,< 12 Years,"<= $75,000, Above Poverty",0.0,0.0,0.21825666527343812,0,0,0.7817433347265619
18 - 34 Years,Some College,Below Poverty,0.0,0.0,0.17645759428760813,0,0,0.8235424057123919
18 - 34 Years,Some College,"<= $75,000, Above Poverty",0.0,0.0,0.21043844925577554,0,0,0.7895615507442244
18 - 34 Years,College Graduate,Below Poverty,1.0,0.0,0.8567161888170804,1,0,0.14328381118291955
65+ Years,12 Years,"<= $75,000, Above Poverty",0.0,0.0,0.2195104238666824,0,0,0.7804895761333176
45 - 54 Years,12 Years,"<= $75,000, Above Poverty",0.0,0.0,0.18117438899417385,0,0,0.8188256110058262
18 - 34 Years,College Graduate,"> $75,000",0.0,0.0,0.3938854668380096,0,0,0.6061145331619904
35 - 44 Years,Some College,"<= $75,000, Above Poverty",0.0,0.0,0.33868773802072855,0,1,0.6613122619792715
45 - 54 Years,Some College,"<= $75,000, Above Poverty",0.0,0.0,0.34003938673995115,0,0,0.6599606132600488
35 - 44 Years,College Graduate,"<= $75,000, Above Poverty",0.0,0.0,0.25309019784400044,0,0,0.7469098021559996
55 - 64 Years,College Graduate,"> $75,000",0.0,0.0,0.5540620632719202,1,0,0.4459379367280798
65+ Years,College Graduate,"<= $75,000, Above Poverty",0.0,0.0,0.3613869487657824,0,0,0.6386130512342176
45 - 54 Years,College Graduate,"> $75,000",0.0,0.0,0.15239184984780793,0,0,0.847608150152192
18 - 34 Years,< 12 Years,"<= $75,000, Above Poverty",0.0,0.0,0.15321295177285044,0,0,0.8467870482271496
55 - 64 Years,College Graduate,"<= $75,000, Above Poverty",0.0,0.0,0.07145369823243922,0,0,0.9285463017675608
45 - 54 Years,College Graduate,"> $75,000",1.0,1.0,0.8788388858953428,1,0,0.12116111410465724
65+ Years,Some College,"<= $75,000, Above Poverty",0.0,0.0,0.039686086813462806,0,0,0.9603139131865372
65+ Years,12 Years,Below Poverty,1.0,0.0,0.49452135647893514,1,1,0.5054786435210649
45 - 54 Years,Some College,"<= $75,000, Above Poverty",0.0,0.0,0.2806709600953913,0,0,0.7193290399046087
55 - 64 Years,12 Years,"<= $75,000, Above Poverty",0.0,1.0,0.6825469122474118,1,1,0.3174530877525882
55 - 64 Years,Some College,Below Poverty,0.0,0.0,0.4507931634842473,1,0,0.5492068365157527
55 - 64 Years,12 Years,"<= $75,000, Above Poverty",0.0,0.0,0.326498020717853,0,0,0.6735019792821471
45 - 54 Years,College Graduate,"> $75,000",0.0,0.0,0.32639418890122435,0,0,0.6736058110987757
45 - 54 Years,College Graduate,"> $75,000",0.0,0.0,0.3314788097289713,0,0,0.6685211902710286
45 - 54 Years,College Graduate,"> $75,000",0.0,1.0,0.8573145865622889,1,1,0.14268541343771113
55 - 64 Years,Some College,"<= $75,000, Above Poverty",1.0,0.0,0.8019498453277691,1,0,0.19805015467223086
55 - 64 Years,12 Years,Below Poverty,0.0,0.0,0.14984758461965875,0,0,0.8501524153803413
65+ Years,Some College,"<= $75,000, Above Poverty",1.0,0.0,0.7996113301598685,1,0,0.20038866984013148
45 - 54 Years,Some College,"<= $75,000, Above Poverty",1.0,0.0,0.8002516869917953,1,1,0.19974831300820473
45 - 54 Years,12 Years,Below Poverty,0.0,0.0,0.22586358282546815,0,0,0.7741364171745319
18 - 34 Years,College Graduate,"<= $75,000, Above Poverty",0.0,1.0,0.48360510271450574,1,0,0.5163948972854943
18 - 34 Years,< 12 Years,"<= $75,000, Above Poverty",0.0,0.0,0.16959725649151705,0,0,0.830402743508483
18 - 34 Years,12 Years,Below Poverty,0.0,0.0,0.4795007883134604,1,0,0.5204992116865397
65+ Years,College Graduate,Below Poverty,0.0,0.0,0.5736979684112934,1,0,0.4263020315887066
65+ Years,Some College,"<= $75,000, Above Poverty",0.0,0.0,0.2932776739763549,0,0,0.706722326023645
45 - 54 Years,College Graduate,"<= $75,000, Above Poverty",0.0,0.0,0.3697432102097379,0,0,0.6302567897902621
65+ Years,College Graduate,"> $75,000",0.0,1.0,0.8660708327068137,1,0,0.13392916729318627
45 - 54 Years,< 12 Years,Below Poverty,0.0,0.0,0.197973524823667,0,0,0.802026475176333
45 - 54 Years,12 Years,"<= $75,000, Above Poverty",1.0,1.0,0.9532484766073294,1,1,0.046751523392670635
55 - 64 Years,12 Years,"<= $75,000, Above Poverty",0.0,0.0,0.6719900473073163,1,0,0.32800995269268374
35 - 44 Years,College Graduate,"<= $75,000, Above Poverty",1.0,0.0,0.9121482821418015,1,1,0.08785171785819845
18 - 34 Years,Some College,"> $75,000",0.0,0.0,0.3448540152726345,0,0,0.6551459847273655
45 - 54 Years,Some College,"<= $75,000, Above Poverty",0.0,0.0,0.2888101241659868,0,0,0.7111898758340132
35 - 44 Years,< 12 Years,"<= $75,000, Above Poverty",0.0,0.0,0.07822264448856969,0,0,0.9217773555114304
65+ Years,< 12 Years,Below Poverty,0.0,0.0,0.12295436224524095,0,0,0.8770456377547591
45 - 54 Years,12 Years,"<= $75,000, Above Poverty",0.0,0.0,0.14522148214151456,0,0,0.8547785178584855
45 - 54 Years,College Graduate,"<= $75,000, Above Poverty",0.0,0.0,0.10727390959488488,0,0,0.8927260904051151
55 - 64 Years,College Graduate,"> $75,000",0.0,0.0,0.35862757670201073,0,0,0.6413724232979893
18 - 34 Years,College Graduate,"<= $75,000, Above Poverty",1.0,0.0,0.8013164299232565,1,0,0.19868357007674353
18 - 34 Years,College Graduate,"<= $75,000, Above Poverty",0.0,0.0,0.17461773145601964,0,0,0.8253822685439803
18 - 34 Years,< 12 Years,Below Poverty,1.0,1.0,0.7570622096650361,1,0,0.24293779033496388
18 - 34 Years,Some College,"> $75,000",1.0,0.0,0.8108508706027531,1,0,0.18914912939724693
65+ Years,College Graduate,"<= $75,000, Above Poverty",1.0,0.0,0.8300343357760985,1,1,0.16996566422390147
45 - 54 Years,Some College,"<= $75,000, Above Poverty",1.0,1.0,0.9596485397982305,1,0,0.040351460201769496
45 - 54 Years,College Graduate,"> $75,000",0.0,1.0,0.21822983883572591,0,0,0.7817701611642741
18 - 34 Years,12 Years,"<= $75,000, Above Poverty",0.0,0.0,0.0929913518814217,0,0,0.9070086481185783
45 - 54 Years,Some College,Below Poverty,0.0,0.0,0.2259249372853444,0,0,0.7740750627146555
65+ Years,12 Years,"<= $75,000, Above Poverty",0.0,0.0,0.20984874428232822,0,0,0.7901512557176718
65+ Years,12 Years,"<= $75,000, Above Poverty",0.0,0.0,0.23620521243103282,0,0,0.7637947875689672
35 - 44 Years,College Graduate,"<= $75,000, Above Poverty",0.0,0.0,0.1770613871353961,0,0,0.8229386128646039
18 - 34 Years,12 Years,"<= $75,000, Above Poverty",0.0,0.0,0.2127855798389752,0,0,0.7872144201610248
45 - 54 Years,12 Years,Below Poverty,0.0,0.0,0.3654849697727269,0,0,0.6345150302272731
45 - 54 Years,Some College,"> $75,000",0.0,0.0,0.2163997586743347,0,0,0.7836002413256653
18 - 34 Years,College Graduate,"<= $75,000, Above Poverty",0.0,0.0,0.3240082666307898,0,0,0.6759917333692103
18 - 34 Years,< 12 Years,Below Poverty,0.0,1.0,0.47353714838698296,1,0,0.526462851613017
65+ Years,12 Years,"<= $75,000, Above Poverty",0.0,0.0,0.2884591425788266,0,0,0.7115408574211735
18 - 34 Years,Some College,"<= $75,000, Above Poverty",0.0,0.0,0.3552169297642226,0,0,0.6447830702357774
55 - 64 Years,12 Years,"<= $75,000, Above Poverty",1.0,0.0,0.9308671549783124,1,1,0.0691328450216876
35 - 44 Years,College Graduate,"> $75,000",1.0,0.0,0.8681082700046364,1,0,0.13189172999536358
45 - 54 Years,Some College,"<= $75,000, Above Poverty",1.0,0.0,0.784105042331127,1,1,0.215894957668873
18 - 34 Years,Some College,Below Poverty,0.0,0.0,0.24009422035923506,0,0,0.7599057796407649
45 - 54 Years,College Graduate,"<= $75,000, Above Poverty",0.0,1.0,0.6990174977765536,1,0,0.30098250222344636
65+ Years,College Graduate,"<= $75,000, Above Poverty",0.0,0.0,0.19848441238896627,0,0,0.8015155876110337
65+ Years,Some College,"<= $75,000, Above Poverty",0.0,0.0,0.1731614944203822,0,0,0.8268385055796178
18 - 34 Years,College Graduate,Below Poverty,0.0,0.0,0.18294643225569188,0,0,0.8170535677443082
45 - 54 Years,12 Years,"<= $75,000, Above Poverty",0.0,0.0,0.14221766495875737,0,0,0.8577823350412426
45 - 54 Years,College Graduate,"> $75,000",0.0,0.0,0.36430583731181554,0,0,0.6356941626881845
35 - 44 Years,College Graduate,"> $75,000",0.0,0.0,0.2819796995624969,0,0,0.7180203004375031
18 - 34 Years,Some College,"<= $75,000, Above Poverty",0.0,0.0,0.04066763746532653,0,0,0.9593323625346735
35 - 44 Years,Some College,"<= $75,000, Above Poverty",0.0,0.0,0.43578369433285624,1,0,0.5642163056671438
55 - 64 Years,College Graduate,"<= $75,000, Above Poverty",1.0,0.0,0.9561984684596202,1,0,0.0438015315403798
65+ Years,Some College,"<= $75,000, Above Poverty",1.0,0.0,0.6104812324481099,1,1,0.3895187675518901
35 - 44 Years,College Graduate,"<= $75,000, Above Poverty",0.0,0.0,0.07509542664620157,0,0,0.9249045733537984
65+ Years,Some College,"<= $75,000, Above Poverty",1.0,0.0,0.8578392828597925,1,1,0.1421607171402075
45 - 54 Years,College Graduate,"<= $75,000, Above Poverty",0.0,0.0,0.06273440356745902,0,0,0.9372655964325409
55 - 64 Years,Some College,Below Poverty,1.0,0.0,0.9198903361374513,1,1,0.0801096638625487
65+ Years,Some College,"<= $75,000, Above Poverty",0.0,0.0,0.15818685397504634,0,0,0.8418131460249536
35 - 44 Years,12 Years,"<= $75,000, Above Poverty",0.0,0.0,0.34821779956690324,0,0,0.6517822004330968
18 - 34 Years,12 Years,"<= $75,000, Above Poverty",0.0,0.0,0.2964951152941356,0,0,0.7035048847058645
35 - 44 Years,College Graduate,"> $75,000",0.0,0.0,0.20648403321589842,0,0,0.7935159667841016
45 - 54 Years,College Graduate,"<= $75,000, Above Poverty",1.0,0.0,0.40306492711117176,1,0,0.5969350728888283
65+ Years,< 12 Years,Below Poverty,0.0,0.0,0.20313500678231947,0,0,0.7968649932176806
45 - 54 Years,College Graduate,"<= $75,000, Above Poverty",0.0,0.0,0.33906517556634863,0,0,0.6609348244336514
55 - 64 Years,12 Years,"<= $75,000, Above Poverty",0.0,0.0,0.14665526664836223,0,0,0.8533447333516377
55 - 64 Years,Some College,"<= $75,000, Above Poverty",0.0,0.0,0.3007707852674706,0,0,0.6992292147325294
65+ Years,< 12 Years,"<= $75,000, Above Poverty",0.0,0.0,0.17413917037733204,0,0,0.8258608296226679
65+ Years,College Graduate,"<= $75,000, Above Poverty",0.0,1.0,0.7245522654190357,1,0,0.2754477345809643
65+ Years,College Graduate,"<= $75,000, Above Poverty",0.0,0.0,0.19908074323733968,0,0,0.8009192567626603
45 - 54 Years,12 Years,"<= $75,000, Above Poverty",0.0,0.0,0.10037552842200062,0,0,0.8996244715779994
65+ Years,College Graduate,"> $75,000",1.0,0.0,0.9157436607494537,1,0,0.08425633925054632
65+ Years,College Graduate,"<= $75,000, Above Poverty",1.0,0.0,0.843429183909914,1,0,0.15657081609008605
45 - 54 Years,< 12 Years,"<= $75,000, Above Poverty",0.0,0.0,0.35023853151553946,0,0,0.6497614684844606
45 - 54 Years,College Graduate,"<= $75,000, Above Poverty",0.0,0.0,0.1548855743269615,0,0,0.8451144256730385
45 - 54 Years,College Graduate,"> $75,000",0.0,0.0,0.7103587108809188,1,1,0.28964128911908116
35 - 44 Years,College Graduate,"> $75,000",0.0,0.0,0.30296017529285474,0,0,0.6970398247071452
65+ Years,12 Years,"<= $75,000, Above Poverty",0.0,0.0,0.17008652809188116,0,0,0.8299134719081188
55 - 64 Years,< 12 Years,"<= $75,000, Above Poverty",0.0,0.0,0.16488852079445704,0,0,0.835111479205543
18 - 34 Years,Some College,"<= $75,000, Above Poverty",1.0,0.0,0.6917556154360743,1,1,0.30824438456392567
45 - 54 Years,12 Years,Below Poverty,0.0,0.0,0.14781120522312405,0,0,0.8521887947768759
45 - 54 Years,College Graduate,"<= $75,000, Above Poverty",0.0,0.0,0.25023693973843203,0,0,0.7497630602615679
18 - 34 Years,College Graduate,"<= $75,000, Above Poverty",1.0,1.0,0.9256185890144992,1,1,0.07438141098550077
35 - 44 Years,College Graduate,"<= $75,000, Above Poverty",0.0,0.0,0.170886855730578,0,0,0.829113144269422
65+ Years,12 Years,"<= $75,000, Above Poverty",0.0,0.0,0.29680632751737074,0,1,0.7031936724826293
65+ Years,Some College,"<= $75,000, Above Poverty",0.0,0.0,0.2590757830162363,0,0,0.7409242169837638
35 - 44 Years,College Graduate,"<= $75,000, Above Poverty",0.0,0.0,0.5000376673573699,1,0,0.4999623326426301
45 - 54 Years,Some College,"> $75,000",0.0,0.0,0.42975706586323686,1,0,0.5702429341367632
45 - 54 Years,12 Years,"> $75,000",0.0,0.0,0.31621256634657924,0,0,0.6837874336534208
55 - 64 Years,College Graduate,"> $75,000",0.0,0.0,0.3977814272119248,0,0,0.6022185727880752
55 - 64 Years,College Graduate,"> $75,000",0.0,0.0,0.590874273961569,1,1,0.409125726038431
35 - 44 Years,Some College,"<= $75,000, Above Poverty",0.0,0.0,0.22472956468798588,0,0,0.7752704353120141
65+ Years,12 Years,"<= $75,000, Above Poverty",0.0,0.0,0.341732871295834,0,0,0.6582671287041659
18 - 34 Years,< 12 Years,"<= $75,000, Above Poverty",0.0,0.0,0.19995654922045336,0,0,0.8000434507795466
35 - 44 Years,College Graduate,"<= $75,000, Above Poverty",1.0,1.0,0.9575372397324569,1,1,0.04246276026754314
35 - 44 Years,College Graduate,"<= $75,000, Above Poverty",0.0,0.0,0.1435151705172073,0,0,0.8564848294827927
65+ Years,Some College,"<= $75,000, Above Poverty",0.0,0.0,0.3891602413139478,0,1,0.6108397586860522
18 - 34 Years,Some College,"<= $75,000, Above Poverty",1.0,0.0,0.37224358303385724,0,0,0.6277564169661427
18 - 34 Years,College Graduate,"<= $75,000, Above Poverty",0.0,0.0,0.3023402915675083,0,0,0.6976597084324917
65+ Years,12 Years,"<= $75,000, Above Poverty",0.0,0.0,0.35928371710402723,0,0,0.6407162828959727
65+ Years,Some College,"<= $75,000, Above Poverty",1.0,0.0,0.9704795134217554,1,0,0.029520486578244576
18 - 34 Years,< 12 Years,Below Poverty,0.0,0.0,0.28063702306743993,0,0,0.71936297693256
18 - 34 Years,College Graduate,"> $75,000",0.0,0.0,0.5514243258945505,1,0,0.4485756741054495
55 - 64 Years,Some College,"<= $75,000, Above Poverty",0.0,0.0,0.35772064147845495,0,0,0.642279358521545
18 - 34 Years,College Graduate,"<= $75,000, Above Poverty",0.0,0.0,0.2539419295020209,0,0,0.7460580704979791
55 - 64 Years,Some College,"<= $75,000, Above Poverty",0.0,1.0,0.7884604739128888,1,0,0.21153952608711124
45 - 54 Years,Some College,"<= $75,000, Above Poverty",0.0,0.0,0.3016274669726239,0,0,0.6983725330273761
18 - 34 Years,12 Years,"<= $75,000, Above Poverty",0.0,0.0,0.586034385032121,1,0,0.413965614967879
45 - 54 Years,12 Years,"> $75,000",0.0,0.0,0.2555671237677936,0,0,0.7444328762322063
65+ Years,College Graduate,"<= $75,000, Above Poverty",1.0,0.0,0.8999440155327223,1,1,0.1000559844672777
18 - 34 Years,Some College,"<= $75,000, Above Poverty",0.0,0.0,0.2700344560746282,0,0,0.7299655439253718
65+ Years,College Graduate,"> $75,000",0.0,0.0,0.2890168171208445,0,0,0.7109831828791555
18 - 34 Years,College Graduate,"<= $75,000, Above Poverty",1.0,0.0,0.6882518071392318,1,0,0.31174819286076816
55 - 64 Years,College Graduate,"> $75,000",1.0,1.0,0.9403854306902328,1,0,0.05961456930976716
55 - 64 Years,12 Years,"> $75,000",0.0,0.0,0.18731661302088934,0,0,0.8126833869791107
18 - 34 Years,College Graduate,"> $75,000",0.0,0.0,0.32615603963196926,0,0,0.6738439603680307
65+ Years,Some College,"> $75,000",0.0,0.0,0.5409998412864467,1,0,0.45900015871355326
35 - 44 Years,College Graduate,"<= $75,000, Above Poverty",0.0,1.0,0.566125376724957,1,0,0.433874623275043
55 - 64 Years,12 Years,"<= $75,000, Above Poverty",0.0,0.0,0.18574041725512871,0,0,0.8142595827448713
55 - 64 Years,College Graduate,"> $75,000",1.0,0.0,0.8386383412425383,1,0,0.16136165875746167
65+ Years,< 12 Years,"<= $75,000, Above Poverty",1.0,0.0,0.8633145697718533,1,0,0.13668543022814672
18 - 34 Years,College Graduate,"<= $75,000, Above Poverty",0.0,0.0,0.11892406629622605,0,0,0.8810759337037739
18 - 34 Years,College Graduate,"> $75,000",0.0,0.0,0.37323906165655624,0,0,0.6267609383434438
65+ Years,College Graduate,"<= $75,000, Above Poverty",0.0,0.0,0.364297624612677,0,0,0.635702375387323
55 - 64 Years,College Graduate,"> $75,000",0.0,0.0,0.6049331337773571,1,1,0.39506686622264287
55 - 64 Years,College Graduate,"<= $75,000, Above Poverty",0.0,0.0,0.4748588036033751,1,0,0.5251411963966248
35 - 44 Years,< 12 Years,Below Poverty,1.0,0.0,0.4184507014950884,1,0,0.5815492985049115
55 - 64 Years,Some College,"<= $75,000, Above Poverty",0.0,0.0,0.10282893423815166,0,0,0.8971710657618484
65+ Years,College Graduate,"<= $75,000, Above Poverty",0.0,0.0,0.3877150094010363,0,0,0.6122849905989637
65+ Years,College Graduate,"<= $75,000, Above Poverty",0.0,0.0,0.21510394005058112,0,0,0.7848960599494189
35 - 44 Years,College Graduate,"> $75,000",0.0,1.0,0.7363458961053783,1,1,0.26365410389462174
18 - 34 Years,Some College,"<= $75,000, Above Poverty",0.0,0.0,0.29303099382745085,0,0,0.7069690061725491
65+ Years,Some College,"<= $75,000, Above Poverty",0.0,0.0,0.772740711434829,1,0,0.22725928856517097
18 - 34 Years,Some College,"<= $75,000, Above Poverty",0.0,0.0,0.1980850601450079,0,0,0.8019149398549921
18 - 34 Years,College Graduate,"> $75,000",0.0,1.0,0.613323777700706,1,0,0.386676222299294
35 - 44 Years,< 12 Years,"<= $75,000, Above Poverty",0.0,0.0,0.2692724167339661,0,0,0.7307275832660338
65+ Years,12 Years,"<= $75,000, Above Poverty",0.0,0.0,0.10651894470056696,0,0,0.893481055299433
45 - 54 Years,College Graduate,"> $75,000",1.0,0.0,0.6160657755021084,1,0,0.3839342244978916
65+ Years,Some College,"<= $75,000, Above Poverty",0.0,0.0,0.2039660419368841,0,0,0.7960339580631159
65+ Years,College Graduate,"<= $75,000, Above Poverty",1.0,0.0,0.851331133451733,1,1,0.14866886654826705
18 - 34 Years,College Graduate,Below Poverty,1.0,0.0,0.7216108111302024,1,0,0.2783891888697976
18 - 34 Years,College Graduate,"<= $75,000, Above Poverty",0.0,0.0,0.28514345099659605,0,0,0.714856549003404
55 - 64 Years,Some College,"<= $75,000, Above Poverty",0.0,0.0,0.16922391556340743,0,0,0.8307760844365926
55 - 64 Years,12 Years,"<= $75,000, Above Poverty",0.0,0.0,0.05773649103106171,0,0,0.9422635089689383
35 - 44 Years,College Graduate,"<= $75,000, Above Poverty",0.0,0.0,0.25126208946424805,0,0,0.7487379105357519
55 - 64 Years,12 Years,"<= $75,000, Above Poverty",0.0,0.0,0.49232983523024676,1,0,0.5076701647697532
65+ Years,Some College,"<= $75,000, Above Poverty",0.0,0.0,0.34962159334847703,0,1,0.650378406651523
35 - 44 Years,12 Years,"<= $75,000, Above Poverty",0.0,0.0,0.1880420320346943,0,0,0.8119579679653057
55 - 64 Years,College Graduate,"<= $75,000, Above Poverty",0.0,0.0,0.2503437650567492,0,0,0.7496562349432507
55 - 64 Years,College Graduate,"<= $75,000, Above Poverty",1.0,0.0,0.5549447558907306,1,0,0.44505524410926944
65+ Years,12 Years,"<= $75,000, Above Poverty",0.0,0.0,0.3167088660639525,0,0,0.6832911339360475
18 - 34 Years,Some College,"<= $75,000, Above Poverty",0.0,0.0,0.20398439822593678,0,0,0.7960156017740632
65+ Years,College Graduate,"> $75,000",0.0,0.0,0.3254385977959593,0,0,0.6745614022040407
35 - 44 Years,Some College,"> $75,000",0.0,1.0,0.6483148945385846,1,1,0.3516851054614154
35 - 44 Years,College Graduate,"<= $75,000, Above Poverty",1.0,0.0,0.8170631980911163,1,0,0.18293680190888373
45 - 54 Years,College Graduate,"> $75,000",0.0,1.0,0.7751633612355877,1,1,0.2248366387644123
35 - 44 Years,College Graduate,"> $75,000",0.0,1.0,0.49109768817737887,1,0,0.5089023118226211
35 - 44 Years,12 Years,"<= $75,000, Above Poverty",0.0,0.0,0.2538282010798301,0,0,0.7461717989201699
65+ Years,College Graduate,"<= $75,000, Above Poverty",1.0,0.0,0.7145083827192751,1,0,0.2854916172807249
35 - 44 Years,College Graduate,"<= $75,000, Above Poverty",1.0,0.0,0.9460705193939863,1,1,0.05392948060601366
55 - 64 Years,12 Years,"> $75,000",0.0,0.0,0.283134745960212,0,1,0.716865254039788
18 - 34 Years,12 Years,"<= $75,000, Above Poverty",1.0,0.0,0.6101086729801779,1,1,0.3898913270198221
55 - 64 Years,Some College,"<= $75,000, Above Poverty",1.0,0.0,0.6838924978365573,1,0,0.31610750216344274
45 - 54 Years,College Graduate,"> $75,000",0.0,0.0,0.3338818668287683,0,0,0.6661181331712317
18 - 34 Years,12 Years,"<= $75,000, Above Poverty",0.0,0.0,0.3010212185260093,0,0,0.6989787814739907
55 - 64 Years,Some College,"> $75,000",0.0,0.0,0.2119823570208676,0,0,0.7880176429791323
55 - 64 Years,College Graduate,"> $75,000",0.0,0.0,0.059170151228904865,0,0,0.9408298487710951
65+ Years,College Graduate,"> $75,000",0.0,0.0,0.28847912975645096,0,1,0.711520870243549
65+ Years,< 12 Years,"<= $75,000, Above Poverty",0.0,0.0,0.6653318166895048,1,0,0.3346681833104952
18 - 34 Years,Some College,"<= $75,000, Above Poverty",0.0,1.0,0.4531723953951511,1,0,0.5468276046048489
35 - 44 Years,College Graduate,"> $75,000",1.0,1.0,0.8933669887329355,1,0,0.10663301126706448
55 - 64 Years,12 Years,"<= $75,000, Above Poverty",0.0,0.0,0.2994504350239667,0,0,0.7005495649760334
45 - 54 Years,College Graduate,"> $75,000",0.0,0.0,0.37154238563325725,0,1,0.6284576143667427
45 - 54 Years,College Graduate,"> $75,000",1.0,0.0,0.774275289140154,1,0,0.22572471085984602
65+ Years,College Graduate,"<= $75,000, Above Poverty",0.0,0.0,0.45663732653269357,1,0,0.5433626734673065
65+ Years,College Graduate,"<= $75,000, Above Poverty",0.0,0.0,0.657827409996402,1,0,0.342172590003598
55 - 64 Years,Some College,"<= $75,000, Above Poverty",0.0,0.0,0.16715876453236955,0,0,0.8328412354676304
18 - 34 Years,College Graduate,"<= $75,000, Above Poverty",0.0,0.0,0.2441867011213052,0,0,0.7558132988786948
55 - 64 Years,12 Years,"<= $75,000, Above Poverty",0.0,0.0,0.5091767854428667,1,0,0.4908232145571333
18 - 34 Years,College Graduate,"<= $75,000, Above Poverty",0.0,0.0,0.411347145207464,1,1,0.588652854792536
45 - 54 Years,12 Years,"<= $75,000, Above Poverty",0.0,0.0,0.16447766707171785,0,0,0.8355223329282822
55 - 64 Years,College Graduate,"<= $75,000, Above Poverty",0.0,0.0,0.253789517368184,0,0,0.746210482631816
45 - 54 Years,Some College,"<= $75,000, Above Poverty",0.0,1.0,0.4669070692231754,1,0,0.5330929307768246
55 - 64 Years,12 Years,"> $75,000",0.0,0.0,0.32656134090288286,0,0,0.6734386590971171
18 - 34 Years,Some College,"<= $75,000, Above Poverty",0.0,0.0,0.23666802272059526,0,0,0.7633319772794047
45 - 54 Years,College Graduate,"> $75,000",1.0,0.0,0.9213781303878191,1,1,0.07862186961218087
45 - 54 Years,Some College,"<= $75,000, Above Poverty",0.0,0.0,0.2774984626898013,0,0,0.7225015373101987
45 - 54 Years,College Graduate,"> $75,000",0.0,0.0,0.2037749337857467,0,0,0.7962250662142533
18 - 34 Years,12 Years,"<= $75,000, Above Poverty",1.0,0.0,0.7154441583029201,1,1,0.2845558416970799
65+ Years,12 Years,"<= $75,000, Above Poverty",0.0,0.0,0.48230787101171413,1,1,0.5176921289882859
55 - 64 Years,Some College,"<= $75,000, Above Poverty",0.0,0.0,0.3903361473097242,0,0,0.6096638526902758
55 - 64 Years,College Graduate,"<= $75,000, Above Poverty",0.0,1.0,0.5930418030889001,1,1,0.4069581969110999
65+ Years,< 12 Years,"<= $75,000, Above Poverty",0.0,0.0,0.27471420328465407,0,0,0.7252857967153459
65+ Years,Some College,Below Poverty,0.0,0.0,0.27305180214462665,0,0,0.7269481978553733
18 - 34 Years,12 Years,"<= $75,000, Above Poverty",0.0,0.0,0.3464681995917935,0,0,0.6535318004082065
65+ Years,12 Years,"<= $75,000, Above Poverty",0.0,0.0,0.3797435421894651,0,0,0.620256457810535
65+ Years,12 Years,"<= $75,000, Above Poverty",1.0,0.0,0.7609537174160467,1,1,0.23904628258395333
55 - 64 Years,< 12 Years,Below Poverty,1.0,0.0,0.7124016772840789,1,1,0.2875983227159211
35 - 44 Years,College Graduate,"<= $75,000, Above Poverty",0.0,0.0,0.5035242730553459,1,0,0.49647572694465414
65+ Years,College Graduate,"> $75,000",1.0,0.0,0.9171287846086339,1,1,0.0828712153913661
55 - 64 Years,Some College,"<= $75,000, Above Poverty",0.0,0.0,0.40368536213530753,1,0,0.5963146378646924
55 - 64 Years,12 Years,"<= $75,000, Above Poverty",0.0,1.0,0.30981213731183715,0,0,0.6901878626881628
65+ Years,< 12 Years,Below Poverty,0.0,0.0,0.635098934702573,1,0,0.36490106529742705
35 - 44 Years,College Graduate,"> $75,000",0.0,0.0,0.2366849012618869,0,0,0.7633150987381131
55 - 64 Years,College Graduate,"> $75,000",0.0,0.0,0.6827627796863533,1,1,0.31723722031364665
45 - 54 Years,College Graduate,"> $75,000",1.0,1.0,0.8401210104273537,1,1,0.15987898957264635
55 - 64 Years,Some College,"<= $75,000, Above Poverty",0.0,0.0,0.3358445671076571,0,0,0.6641554328923429
65+ Years,12 Years,"<= $75,000, Above Poverty",0.0,0.0,0.09996062572486572,0,0,0.9000393742751343
18 - 34 Years,Some College,"<= $75,000, Above Poverty",0.0,0.0,0.44021779809108413,1,1,0.5597822019089158
35 - 44 Years,College Graduate,"<= $75,000, Above Poverty",0.0,1.0,0.6234393201771166,1,0,0.37656067982288344
65+ Years,College Graduate,"<= $75,000, Above Poverty",1.0,0.0,0.6732027184887338,1,1,0.3267972815112662
65+ Years,Some College,"<= $75,000, Above Poverty",0.0,1.0,0.5444026263458677,1,0,0.45559737365413233
55 - 64 Years,College Graduate,"<= $75,000, Above Poverty",0.0,0.0,0.4453088368712567,1,0,0.5546911631287432
65+ Years,College Graduate,"<= $75,000, Above Poverty",0.0,0.0,0.37074083552368187,0,0,0.6292591644763181
65+ Years,Some College,"> $75,000",0.0,0.0,0.5189401096459378,1,0,0.48105989035406216
55 - 64 Years,College Graduate,"> $75,000",0.0,0.0,0.49591539493033787,1,0,0.5040846050696621
18 - 34 Years,Some College,Below Poverty,0.0,0.0,0.4814669846789636,1,0,0.5185330153210364
18 - 34 Years,< 12 Years,Below Poverty,0.0,0.0,0.7152719684609145,1,0,0.28472803153908555
35 - 44 Years,College Graduate,"<= $75,000, Above Poverty",0.0,0.0,0.2942734122789192,0,0,0.7057265877210808
65+ Years,College Graduate,"> $75,000",0.0,0.0,0.5995658445150135,1,0,0.4004341554849865
18 - 34 Years,College Graduate,"<= $75,000, Above Poverty",0.0,0.0,0.32287253482140615,0,0,0.6771274651785939
55 - 64 Years,Some College,"<= $75,000, Above Poverty",0.0,0.0,0.4271509675120552,1,0,0.5728490324879447
55 - 64 Years,College Graduate,"<= $75,000, Above Poverty",0.0,0.0,0.39045692110202496,0,0,0.609543078897975
55 - 64 Years,College Graduate,"> $75,000",1.0,0.0,0.8481499321908504,1,1,0.15185006780914956
18 - 34 Years,Some College,Below Poverty,0.0,0.0,0.26127394888240707,0,0,0.7387260511175929
55 - 64 Years,College Graduate,"<= $75,000, Above Poverty",0.0,0.0,0.33664318045934294,0,0,0.6633568195406571
55 - 64 Years,College Graduate,"> $75,000",0.0,0.0,0.179023073119969,0,0,0.820976926880031
18 - 34 Years,Some College,"> $75,000",0.0,0.0,0.3109554225803859,0,0,0.6890445774196141
18 - 34 Years,Some College,"<= $75,000, Above Poverty",0.0,0.0,0.25452900320530836,0,0,0.7454709967946916
65+ Years,College Graduate,"> $75,000",0.0,0.0,0.5127710627540542,1,0,0.48722893724594585
55 - 64 Years,Some College,"<= $75,000, Above Poverty",0.0,0.0,0.2926312999419535,0,0,0.7073687000580464
65+ Years,Some College,"<= $75,000, Above Poverty",0.0,0.0,0.3388766302520511,0,0,0.6611233697479488
18 - 34 Years,College Graduate,"<= $75,000, Above Poverty",0.0,0.0,0.24822746090138326,0,0,0.7517725390986167
55 - 64 Years,12 Years,"> $75,000",0.0,0.0,0.27758953547281867,0,0,0.7224104645271814
35 - 44 Years,Some College,Below Poverty,1.0,0.0,0.6298359652052841,1,0,0.37016403479471593
18 - 34 Years,12 Years,"<= $75,000, Above Poverty",0.0,0.0,0.1299856650375027,0,0,0.8700143349624974
18 - 34 Years,College Graduate,"<= $75,000, Above Poverty",1.0,0.0,0.8139386346025443,1,1,0.18606136539745566
45 - 54 Years,12 Years,"<= $75,000, Above Poverty",1.0,0.0,0.47511948505941,1,0,0.52488051494059
45 - 54 Years,College Graduate,"> $75,000",0.0,0.0,0.46114819698394177,1,1,0.5388518030160583
65+ Years,College Graduate,"<= $75,000, Above Poverty",1.0,0.0,0.9480984777738679,1,1,0.05190152222613209
35 - 44 Years,College Graduate,"<= $75,000, Above Poverty",0.0,0.0,0.14453554558632686,0,0,0.8554644544136731
45 - 54 Years,Some College,"<= $75,000, Above Poverty",1.0,0.0,0.8177580486452278,1,0,0.18224195135477217
18 - 34 Years,College Graduate,"<= $75,000, Above Poverty",0.0,0.0,0.4029101226902458,1,1,0.5970898773097542
18 - 34 Years,12 Years,"<= $75,000, Above Poverty",1.0,0.0,0.6188822874588321,1,1,0.3811177125411679
55 - 64 Years,Some College,"<= $75,000, Above Poverty",1.0,0.0,0.41203500882817673,1,0,0.5879649911718232
18 - 34 Years,Some College,"<= $75,000, Above Poverty",1.0,0.0,0.668245107094452,1,0,0.33175489290554805
65+ Years,Some College,"<= $75,000, Above Poverty",0.0,0.0,0.2590757830162363,0,1,0.7409242169837638
45 - 54 Years,College Graduate,"<= $75,000, Above Poverty",0.0,1.0,0.2150278486775307,0,0,0.7849721513224693
55 - 64 Years,College Graduate,"<= $75,000, Above Poverty",0.0,0.0,0.3726958815515278,0,1,0.6273041184484722
18 - 34 Years,College Graduate,"<= $75,000, Above Poverty",1.0,0.0,0.8846801881149022,1,0,0.11531981188509777
35 - 44 Years,College Graduate,"> $75,000",1.0,0.0,0.7195216716858234,1,0,0.28047832831417663
35 - 44 Years,Some College,Below Poverty,0.0,0.0,0.17410279100716702,0,0,0.8258972089928329
45 - 54 Years,12 Years,"<= $75,000, Above Poverty",1.0,0.0,0.5146201143264479,1,0,0.48537988567355206
55 - 64 Years,Some College,"<= $75,000, Above Poverty",0.0,1.0,0.4939084567517891,1,0,0.5060915432482109
18 - 34 Years,College Graduate,"<= $75,000, Above Poverty",0.0,0.0,0.20692744070468616,0,0,0.7930725592953138
18 - 34 Years,12 Years,Below Poverty,0.0,0.0,0.11704729352311047,0,0,0.8829527064768895
18 - 34 Years,< 12 Years,Below Poverty,1.0,0.0,0.9217171639945876,1,1,0.07828283600541242
35 - 44 Years,College Graduate,"> $75,000",0.0,0.0,0.30190174538279757,0,0,0.6980982546172024
35 - 44 Years,Some College,"<= $75,000, Above Poverty",1.0,0.0,0.8077031674356498,1,1,0.19229683256435015
35 - 44 Years,College Graduate,"<= $75,000, Above Poverty",1.0,0.0,0.7053484513120474,1,1,0.2946515486879526
18 - 34 Years,< 12 Years,Below Poverty,0.0,0.0,0.4114866799810149,1,0,0.5885133200189852
18 - 34 Years,College Graduate,"> $75,000",0.0,1.0,0.6495282855923408,1,0,0.35047171440765923
35 - 44 Years,College Graduate,"> $75,000",0.0,0.0,0.47460149637032184,1,0,0.5253985036296782
18 - 34 Years,College Graduate,"> $75,000",0.0,0.0,0.26358804154392734,0,0,0.7364119584560727
55 - 64 Years,College Graduate,"<= $75,000, Above Poverty",0.0,0.0,0.18562160549314344,0,0,0.8143783945068566
35 - 44 Years,College Graduate,"> $75,000",0.0,0.0,0.3261330392998293,0,1,0.6738669607001707
18 - 34 Years,12 Years,"> $75,000",0.0,0.0,0.15788984099476952,0,0,0.8421101590052305
18 - 34 Years,College Graduate,"> $75,000",1.0,0.0,0.919503331311861,1,1,0.08049666868813898
18 - 34 Years,College Graduate,"<= $75,000, Above Poverty",1.0,0.0,0.34920397560354427,0,1,0.6507960243964557
65+ Years,12 Years,"<= $75,000, Above Poverty",1.0,0.0,0.7332589264459564,1,0,0.26674107355404364
65+ Years,12 Years,"<= $75,000, Above Poverty",0.0,0.0,0.30208231337068686,0,0,0.6979176866293131
45 - 54 Years,12 Years,"<= $75,000, Above Poverty",0.0,1.0,0.17111425535214977,0,0,0.8288857446478503
35 - 44 Years,College Graduate,"<= $75,000, Above Poverty",0.0,0.0,0.03402686449545285,0,0,0.9659731355045471
45 - 54 Years,12 Years,"<= $75,000, Above Poverty",0.0,0.0,0.3152562371917901,0,0,0.6847437628082099
65+ Years,Some College,Below Poverty,0.0,0.0,0.7623345799571309,1,0,0.23766542004286906
35 - 44 Years,12 Years,"<= $75,000, Above Poverty",0.0,0.0,0.29415808656036135,0,0,0.7058419134396386
18 - 34 Years,12 Years,Below Poverty,0.0,0.0,0.5057958627542334,1,0,0.4942041372457666
35 - 44 Years,12 Years,"> $75,000",0.0,0.0,0.3133004615933246,0,0,0.6866995384066754
65+ Years,Some College,"<= $75,000, Above Poverty",0.0,0.0,0.41741379529080613,1,0,0.5825862047091939
45 - 54 Years,College Graduate,"<= $75,000, Above Poverty",0.0,0.0,0.24607963730339633,0,0,0.7539203626966037
18 - 34 Years,College Graduate,"<= $75,000, Above Poverty",0.0,0.0,0.5726136703375817,1,0,0.4273863296624183
35 - 44 Years,College Graduate,"> $75,000",0.0,0.0,0.11857720322115271,0,0,0.8814227967788473
45 - 54 Years,< 12 Years,"<= $75,000, Above Poverty",0.0,0.0,0.2674251969248658,0,0,0.7325748030751342
45 - 54 Years,12 Years,"<= $75,000, Above Poverty",0.0,0.0,0.26529308776819716,0,0,0.7347069122318028
18 - 34 Years,Some College,Below Poverty,0.0,0.0,0.28087818938807635,0,0,0.7191218106119237
18 - 34 Years,Some College,"<= $75,000, Above Poverty",0.0,0.0,0.231103350211073,0,0,0.768896649788927
65+ Years,< 12 Years,"<= $75,000, Above Poverty",0.0,0.0,0.32315432189318977,0,0,0.6768456781068102
65+ Years,College Graduate,"<= $75,000, Above Poverty",0.0,0.0,0.48025112690168476,1,1,0.5197488730983153
45 - 54 Years,Some College,"<= $75,000, Above Poverty",1.0,0.0,0.7642538540939219,1,0,0.23574614590607812
18 - 34 Years,Some College,"<= $75,000, Above Poverty",1.0,0.0,0.5086544106666491,1,0,0.49134558933335093
35 - 44 Years,Some College,"<= $75,000, Above Poverty",0.0,0.0,0.2924196080750519,0,0,0.7075803919249481
65+ Years,Some College,"<= $75,000, Above Poverty",0.0,0.0,0.18244819961727476,0,0,0.8175518003827252
18 - 34 Years,College Graduate,"<= $75,000, Above Poverty",0.0,0.0,0.11665835287634573,0,0,0.8833416471236543
45 - 54 Years,< 12 Years,"> $75,000",0.0,0.0,0.013835333607678444,0,0,0.9861646663923216
45 - 54 Years,< 12 Years,"<= $75,000, Above Poverty",0.0,0.0,0.23433586698708667,0,0,0.7656641330129134
65+ Years,12 Years,"<= $75,000, Above Poverty",0.0,0.0,0.20506475162134374,0,0,0.7949352483786563
55 - 64 Years,12 Years,"<= $75,000, Above Poverty",0.0,1.0,0.3239350370491537,0,0,0.6760649629508463
18 - 34 Years,College Graduate,Below Poverty,0.0,0.0,0.271349617720753,0,0,0.7286503822792469
18 - 34 Years,College Graduate,"<= $75,000, Above Poverty",1.0,0.0,0.8874004551877802,1,0,0.11259954481221979
65+ Years,12 Years,"<= $75,000, Above Poverty",1.0,0.0,0.8510650498519216,1,0,0.14893495014807845
55 - 64 Years,College Graduate,"<= $75,000, Above Poverty",0.0,0.0,0.5026239193577571,1,0,0.4973760806422429
18 - 34 Years,Some College,Below Poverty,0.0,1.0,0.23083132046725763,0,1,0.7691686795327424
18 - 34 Years,Some College,"> $75,000",0.0,0.0,0.24989780021796246,0,0,0.7501021997820375
45 - 54 Years,College Graduate,"<= $75,000, Above Poverty",0.0,0.0,0.09465946970459616,0,0,0.9053405302954038
55 - 64 Years,College Graduate,"<= $75,000, Above Poverty",1.0,0.0,0.8916766729382036,1,1,0.10832332706179637
35 - 44 Years,College Graduate,"> $75,000",1.0,0.0,0.6372567711577746,1,1,0.36274322884222543
18 - 34 Years,Some College,"<= $75,000, Above Poverty",0.0,0.0,0.16824516725830746,0,0,0.8317548327416926
35 - 44 Years,College Graduate,"> $75,000",1.0,0.0,0.7799373111896268,1,1,0.22006268881037316
35 - 44 Years,College Graduate,"<= $75,000, Above Poverty",0.0,0.0,0.25546626155870195,0,0,0.744533738441298
55 - 64 Years,College Graduate,"<= $75,000, Above Poverty",1.0,0.0,0.7152187928873983,1,1,0.2847812071126017
45 - 54 Years,12 Years,"<= $75,000, Above Poverty",0.0,0.0,0.17709849621938728,0,0,0.8229015037806127
45 - 54 Years,12 Years,"> $75,000",0.0,0.0,0.21816122521638684,0,0,0.7818387747836132
18 - 34 Years,12 Years,"<= $75,000, Above Poverty",0.0,0.0,0.16919265180116425,0,0,0.8308073481988357
18 - 34 Years,College Graduate,"<= $75,000, Above Poverty",1.0,0.0,0.8365920924557166,1,0,0.16340790754428336
55 - 64 Years,Some College,"<= $75,000, Above Poverty",0.0,0.0,0.29471539738550584,0,0,0.7052846026144941
18 - 34 Years,College Graduate,"<= $75,000, Above Poverty",0.0,0.0,0.1971393666486373,0,0,0.8028606333513627
45 - 54 Years,College Graduate,"<= $75,000, Above Poverty",0.0,0.0,0.28739297949606235,0,0,0.7126070205039376
45 - 54 Years,College Graduate,"> $75,000",0.0,0.0,0.41308528522574706,1,1,0.5869147147742529
65+ Years,Some College,"<= $75,000, Above Poverty",0.0,0.0,0.14393411595855923,0,0,0.8560658840414408
65+ Years,Some College,"<= $75,000, Above Poverty",1.0,0.0,0.8728341850948176,1,1,0.12716581490518242
55 - 64 Years,Some College,"<= $75,000, Above Poverty",1.0,1.0,0.8996506508039105,1,1,0.10034934919608951
35 - 44 Years,College Graduate,"> $75,000",1.0,0.0,0.7789845620954988,1,1,0.22101543790450118
55 - 64 Years,College Graduate,"> $75,000",0.0,0.0,0.3595009644508247,0,0,0.6404990355491753
35 - 44 Years,College Graduate,"> $75,000",1.0,0.0,0.8313938593002534,1,0,0.16860614069974655
18 - 34 Years,Some College,"<= $75,000, Above Poverty",1.0,0.0,0.8170914954300029,1,0,0.18290850456999708
65+ Years,12 Years,"> $75,000",0.0,0.0,0.33712312257524063,0,0,0.6628768774247593
45 - 54 Years,College Graduate,"<= $75,000, Above Poverty",0.0,0.0,0.21463861829675596,0,0,0.7853613817032441
45 - 54 Years,Some College,"> $75,000",0.0,0.0,0.24510482369388964,0,0,0.7548951763061104
65+ Years,Some College,"<= $75,000, Above Poverty",0.0,0.0,0.2933472748586883,0,0,0.7066527251413117
18 - 34 Years,Some College,"<= $75,000, Above Poverty",1.0,1.0,0.6716164912233766,1,0,0.32838350877662337
35 - 44 Years,Some College,"> $75,000",0.0,0.0,0.27929163082581826,0,0,0.7207083691741818
35 - 44 Years,College Graduate,"<= $75,000, Above Poverty",0.0,0.0,0.3740973346019366,0,0,0.6259026653980634
45 - 54 Years,12 Years,"> $75,000",0.0,0.0,0.3381428530085938,0,1,0.6618571469914062
65+ Years,< 12 Years,"<= $75,000, Above Poverty",0.0,0.0,0.09777556996385611,0,0,0.9022244300361439
45 - 54 Years,College Graduate,"> $75,000",1.0,0.0,0.8945205031359396,1,1,0.10547949686406044
65+ Years,12 Years,Below Poverty,0.0,0.0,0.6038892994655018,1,1,0.39611070053449815
45 - 54 Years,College Graduate,"> $75,000",0.0,0.0,0.122605076444145,0,0,0.877394923555855
65+ Years,College Graduate,"<= $75,000, Above Poverty",0.0,0.0,0.4148618131891588,1,0,0.5851381868108412
65+ Years,12 Years,"<= $75,000, Above Poverty",1.0,0.0,0.8625453129781883,1,0,0.13745468702181174
18 - 34 Years,Some College,"> $75,000",0.0,0.0,0.19288603754736502,0,0,0.807113962452635
35 - 44 Years,College Graduate,Below Poverty,0.0,0.0,0.6729859110928442,1,0,0.3270140889071558
18 - 34 Years,< 12 Years,"<= $75,000, Above Poverty",0.0,0.0,0.1234759960848575,0,0,0.8765240039151425
65+ Years,College Graduate,"<= $75,000, Above Poverty",0.0,0.0,0.512061718441204,1,0,0.48793828155879604
55 - 64 Years,12 Years,Below Poverty,0.0,0.0,0.2570526614319366,0,1,0.7429473385680634
35 - 44 Years,College Graduate,"<= $75,000, Above Poverty",0.0,0.0,0.2504206600157478,0,1,0.7495793399842522
65+ Years,< 12 Years,"<= $75,000, Above Poverty",0.0,0.0,0.1648942099002489,0,0,0.8351057900997512
65+ Years,College Graduate,"<= $75,000, Above Poverty",0.0,0.0,0.4004212313718106,1,0,0.5995787686281894
55 - 64 Years,Some College,"<= $75,000, Above Poverty",0.0,0.0,0.0546046721238144,0,0,0.9453953278761856
35 - 44 Years,Some College,"<= $75,000, Above Poverty",0.0,1.0,0.8467218240334032,1,1,0.15327817596659676
65+ Years,College Graduate,"<= $75,000, Above Poverty",0.0,0.0,0.3114318036596388,0,0,0.6885681963403611
45 - 54 Years,College Graduate,"<= $75,000, Above Poverty",0.0,1.0,0.8686926613511465,1,1,0.13130733864885347
55 - 64 Years,College Graduate,"> $75,000",0.0,0.0,0.07692369216826647,0,0,0.9230763078317336
55 - 64 Years,12 Years,"<= $75,000, Above Poverty",0.0,0.0,0.292498060359453,0,0,0.707501939640547
65+ Years,College Graduate,"> $75,000",0.0,0.0,0.631006836030386,1,1,0.368993163969614
18 - 34 Years,Some College,Below Poverty,0.0,0.0,0.27986199952620744,0,0,0.7201380004737925
55 - 64 Years,Some College,"<= $75,000, Above Poverty",1.0,0.0,0.9582665391983345,1,1,0.04173346080166551
55 - 64 Years,College Graduate,"> $75,000",0.0,1.0,0.4321271868586724,1,0,0.5678728131413275
45 - 54 Years,College Graduate,"<= $75,000, Above Poverty",0.0,0.0,0.060050369379672876,0,0,0.9399496306203271
55 - 64 Years,< 12 Years,"<= $75,000, Above Poverty",1.0,0.0,0.8439161978212326,1,1,0.15608380217876738
18 - 34 Years,College Graduate,"> $75,000",0.0,0.0,0.36640677889310913,0,1,0.6335932211068909
45 - 54 Years,Some College,"<= $75,000, Above Poverty",1.0,1.0,0.8925674678958679,1,1,0.10743253210413206
18 - 34 Years,Some College,"<= $75,000, Above Poverty",1.0,0.0,0.514682479166337,1,1,0.485317520833663
18 - 34 Years,College Graduate,"> $75,000",0.0,1.0,0.6306165527427654,1,0,0.3693834472572346
55 - 64 Years,Some College,"<= $75,000, Above Poverty",0.0,0.0,0.20870924265051885,0,0,0.7912907573494812
35 - 44 Years,Some College,"<= $75,000, Above Poverty",0.0,1.0,0.7990108725043376,1,1,0.20098912749566245
18 - 34 Years,College Graduate,"> $75,000",0.0,0.0,0.3340357570619621,0,0,0.6659642429380379
18 - 34 Years,12 Years,"<= $75,000, Above Poverty",0.0,0.0,0.10691073920327943,0,0,0.8930892607967206
35 - 44 Years,College Graduate,"> $75,000",1.0,0.0,0.5651053307620667,1,0,0.4348946692379333
55 - 64 Years,Some College,"<= $75,000, Above Poverty",1.0,0.0,0.7277410880960314,1,1,0.27225891190396856
45 - 54 Years,College Graduate,"> $75,000",1.0,0.0,0.792702610237535,1,0,0.20729738976246503
55 - 64 Years,College Graduate,"> $75,000",1.0,0.0,0.9281691173779506,1,0,0.0718308826220494
65+ Years,College Graduate,"<= $75,000, Above Poverty",0.0,0.0,0.355470499165928,0,0,0.644529500834072
35 - 44 Years,College Graduate,"> $75,000",0.0,0.0,0.5998637133090551,1,0,0.4001362866909449
65+ Years,Some College,"<= $75,000, Above Poverty",0.0,0.0,0.3499072134965289,0,0,0.6500927865034711
18 - 34 Years,12 Years,"<= $75,000, Above Poverty",0.0,0.0,0.20024498268046018,0,0,0.7997550173195398
65+ Years,College Graduate,"<= $75,000, Above Poverty",0.0,0.0,0.512061718441204,1,0,0.48793828155879604
65+ Years,Some College,"<= $75,000, Above Poverty",1.0,0.0,0.6988448059761738,1,0,0.3011551940238262
65+ Years,Some College,"<= $75,000, Above Poverty",0.0,1.0,0.2929385312772736,0,0,0.7070614687227263
55 - 64 Years,College Graduate,"> $75,000",0.0,0.0,0.3899150228560076,0,0,0.6100849771439925
65+ Years,Some College,"<= $75,000, Above Poverty",1.0,1.0,0.9289038102133549,1,0,0.07109618978664511
45 - 54 Years,12 Years,"<= $75,000, Above Poverty",0.0,0.0,0.21764243030794672,0,0,0.7823575696920533
65+ Years,College Graduate,"<= $75,000, Above Poverty",1.0,0.0,0.6628854372462967,1,1,0.33711456275370333
55 - 64 Years,Some College,"<= $75,000, Above Poverty",0.0,1.0,0.5912104150344849,1,0,0.4087895849655151
65+ Years,< 12 Years,"<= $75,000, Above Poverty",0.0,0.0,0.3498998845797416,0,0,0.6501001154202584
55 - 64 Years,Some College,"> $75,000",0.0,0.0,0.538476677995356,1,0,0.46152332200464397
65+ Years,College Graduate,"> $75,000",1.0,0.0,0.751071442132822,1,1,0.24892855786717805
65+ Years,< 12 Years,"<= $75,000, Above Poverty",0.0,0.0,0.33741346532809263,0,0,0.6625865346719073
65+ Years,12 Years,"<= $75,000, Above Poverty",0.0,0.0,0.21131726702527368,0,0,0.7886827329747264
65+ Years,< 12 Years,Below Poverty,0.0,0.0,0.7303910361463061,1,1,0.26960896385369393
45 - 54 Years,Some College,"<= $75,000, Above Poverty",1.0,1.0,0.7755967948380537,1,0,0.22440320516194634
35 - 44 Years,College Graduate,"<= $75,000, Above Poverty",0.0,0.0,0.2534500137073786,0,0,0.7465499862926215
55 - 64 Years,College Graduate,"> $75,000",0.0,0.0,0.6075950945363762,1,1,0.39240490546362383
65+ Years,Some College,"> $75,000",0.0,0.0,0.3449972936352184,0,0,0.6550027063647816
35 - 44 Years,College Graduate,"> $75,000",1.0,0.0,0.7416404525612756,1,1,0.25835954743872436
35 - 44 Years,Some College,"<= $75,000, Above Poverty",0.0,0.0,0.11460554781835894,0,0,0.885394452181641
65+ Years,Some College,"<= $75,000, Above Poverty",0.0,0.0,0.44066447874802184,1,0,0.5593355212519782
45 - 54 Years,College Graduate,"<= $75,000, Above Poverty",0.0,0.0,0.21358793535124357,0,0,0.7864120646487565
65+ Years,College Graduate,"> $75,000",1.0,0.0,0.5541169846535131,1,0,0.4458830153464869
35 - 44 Years,Some College,"<= $75,000, Above Poverty",1.0,1.0,0.8568468558632459,1,0,0.14315314413675406
55 - 64 Years,Some College,"> $75,000",1.0,0.0,0.7018740370401694,1,0,0.2981259629598306
55 - 64 Years,12 Years,"<= $75,000, Above Poverty",0.0,0.0,0.3771554372354346,0,0,0.6228445627645653
65+ Years,< 12 Years,"<= $75,000, Above Poverty",0.0,0.0,0.22923636477969048,0,0,0.7707636352203096
65+ Years,< 12 Years,"<= $75,000, Above Poverty",0.0,0.0,0.31183000914405445,0,0,0.6881699908559455
65+ Years,12 Years,"<= $75,000, Above Poverty",0.0,0.0,0.4822666081603764,1,0,0.5177333918396236
18 - 34 Years,College Graduate,"<= $75,000, Above Poverty",0.0,0.0,0.5347717782978318,1,0,0.46522822170216815
35 - 44 Years,College Graduate,"> $75,000",0.0,0.0,0.6842081850908865,1,0,0.31579181490911346
45 - 54 Years,12 Years,"<= $75,000, Above Poverty",0.0,0.0,0.46350134630934525,1,0,0.5364986536906547
55 - 64 Years,College Graduate,"> $75,000",0.0,0.0,0.5016736749139407,1,0,0.49832632508605934
18 - 34 Years,< 12 Years,"<= $75,000, Above Poverty",1.0,0.0,0.7758740954515293,1,0,0.2241259045484707
18 - 34 Years,College Graduate,"> $75,000",0.0,0.0,0.3016994493829955,0,0,0.6983005506170046
35 - 44 Years,College Graduate,"<= $75,000, Above Poverty",1.0,1.0,0.9719725029077181,1,1,0.028027497092281917
18 - 34 Years,Some College,"<= $75,000, Above Poverty",1.0,1.0,0.9034887364613443,1,0,0.09651126353865569
35 - 44 Years,College Graduate,"> $75,000",0.0,0.0,0.36203199560736204,0,0,0.6379680043926379
45 - 54 Years,< 12 Years,"<= $75,000, Above Poverty",0.0,0.0,0.2044451485703717,0,0,0.7955548514296283
35 - 44 Years,Some College,"<= $75,000, Above Poverty",0.0,0.0,0.20222544426148265,0,0,0.7977745557385174
65+ Years,College Graduate,"<= $75,000, Above Poverty",0.0,0.0,0.06363378337516817,0,0,0.9363662166248319
45 - 54 Years,Some College,"> $75,000",1.0,1.0,0.9291719936633562,1,1,0.07082800633664377
35 - 44 Years,Some College,"> $75,000",0.0,1.0,0.47640628508327426,1,0,0.5235937149167258
65+ Years,Some College,"<= $75,000, Above Poverty",0.0,0.0,0.36510703630994285,0,0,0.6348929636900571
55 - 64 Years,12 Years,"<= $75,000, Above Poverty",0.0,0.0,0.08616315514243257,0,0,0.9138368448575674
65+ Years,12 Years,"<= $75,000, Above Poverty",0.0,0.0,0.20120802979805505,0,0,0.7987919702019449
18 - 34 Years,Some College,Below Poverty,0.0,0.0,0.2764730804286974,0,0,0.7235269195713026
18 - 34 Years,< 12 Years,"> $75,000",0.0,0.0,0.09853373614981357,0,0,0.9014662638501865
65+ Years,College Graduate,"<= $75,000, Above Poverty",0.0,0.0,0.44091338730768354,1,0,0.5590866126923164
45 - 54 Years,12 Years,"<= $75,000, Above Poverty",0.0,0.0,0.08115434730123275,0,0,0.9188456526987673
45 - 54 Years,12 Years,Below Poverty,0.0,0.0,0.306026193577933,0,0,0.6939738064220671
65+ Years,Some College,"> $75,000",1.0,0.0,0.914601375618212,1,1,0.08539862438178802
45 - 54 Years,College Graduate,"> $75,000",0.0,1.0,0.42750095554168643,1,0,0.5724990444583136
45 - 54 Years,College Graduate,"> $75,000",0.0,0.0,0.31022755130997615,0,1,0.6897724486900239
45 - 54 Years,Some College,"> $75,000",0.0,0.0,0.26793608137206665,0,0,0.7320639186279334
45 - 54 Years,Some College,"> $75,000",0.0,0.0,0.09899316381067483,0,0,0.9010068361893252
55 - 64 Years,College Graduate,"<= $75,000, Above Poverty",0.0,0.0,0.36219096699177045,0,1,0.6378090330082296
65+ Years,12 Years,"<= $75,000, Above Poverty",0.0,0.0,0.24413847289142362,0,0,0.7558615271085763
35 - 44 Years,College Graduate,"<= $75,000, Above Poverty",0.0,0.0,0.41385871842250305,1,1,0.5861412815774969
45 - 54 Years,College Graduate,"> $75,000",0.0,0.0,0.34878205889546526,0,0,0.6512179411045347
65+ Years,College Graduate,"> $75,000",0.0,0.0,0.3120914097190096,0,1,0.6879085902809904
18 - 34 Years,12 Years,Below Poverty,0.0,0.0,0.3822239286368961,0,0,0.617776071363104
45 - 54 Years,College Graduate,"> $75,000",0.0,0.0,0.37201644817722707,0,0,0.627983551822773
18 - 34 Years,College Graduate,"<= $75,000, Above Poverty",1.0,0.0,0.6997563505487209,1,0,0.3002436494512791
18 - 34 Years,College Graduate,"<= $75,000, Above Poverty",0.0,0.0,0.21240874309145039,0,0,0.7875912569085496
18 - 34 Years,College Graduate,"<= $75,000, Above Poverty",0.0,0.0,0.37455281420321607,0,0,0.6254471857967839
18 - 34 Years,12 Years,"<= $75,000, Above Poverty",0.0,0.0,0.2941476920735142,0,0,0.7058523079264858
55 - 64 Years,Some College,"<= $75,000, Above Poverty",0.0,0.0,0.4380956317875117,1,0,0.5619043682124882
55 - 64 Years,College Graduate,"<= $75,000, Above Poverty",0.0,0.0,0.14903424460157383,0,0,0.8509657553984262
65+ Years,College Graduate,"<= $75,000, Above Poverty",0.0,0.0,0.715275993301737,1,0,0.28472400669826303
35 - 44 Years,College Graduate,"> $75,000",1.0,0.0,0.8097461813238009,1,0,0.19025381867619906
18 - 34 Years,College Graduate,"> $75,000",0.0,1.0,0.6988474196217149,1,0,0.3011525803782851
35 - 44 Years,College Graduate,"<= $75,000, Above Poverty",0.0,0.0,0.2087813154673016,0,0,0.7912186845326984
18 - 34 Years,College Graduate,"<= $75,000, Above Poverty",0.0,0.0,0.1876535198899837,0,0,0.8123464801100163
35 - 44 Years,College Graduate,"> $75,000",1.0,1.0,0.9557393886599043,1,1,0.044260611340095735
18 - 34 Years,College Graduate,"> $75,000",0.0,0.0,0.3425582625588017,0,0,0.6574417374411983
18 - 34 Years,Some College,"<= $75,000, Above Poverty",1.0,0.0,0.6839795704237495,1,1,0.31602042957625054
65+ Years,< 12 Years,"<= $75,000, Above Poverty",0.0,0.0,0.2755024341682401,0,0,0.7244975658317598
55 - 64 Years,College Graduate,Below Poverty,0.0,1.0,0.3960605115269764,0,1,0.6039394884730236
18 - 34 Years,College Graduate,"> $75,000",1.0,1.0,0.8539454325258875,1,1,0.1460545674741125
18 - 34 Years,Some College,"> $75,000",0.0,0.0,0.14587059067364475,0,0,0.8541294093263553
55 - 64 Years,12 Years,"<= $75,000, Above Poverty",0.0,0.0,0.2199344937090096,0,0,0.7800655062909904
45 - 54 Years,12 Years,"<= $75,000, Above Poverty",0.0,0.0,0.2689407765761733,0,0,0.7310592234238267
35 - 44 Years,College Graduate,"<= $75,000, Above Poverty",0.0,0.0,0.22316882746890734,0,0,0.7768311725310927
45 - 54 Years,Some College,"<= $75,000, Above Poverty",0.0,0.0,0.16255683777093335,0,0,0.8374431622290667
65+ Years,College Graduate,"<= $75,000, Above Poverty",0.0,0.0,0.3262488687655928,0,0,0.6737511312344072
65+ Years,College Graduate,"> $75,000",1.0,0.0,0.9301442107856447,1,1,0.06985578921435531
35 - 44 Years,12 Years,"<= $75,000, Above Poverty",1.0,1.0,0.7261664225378028,1,0,0.27383357746219716
35 - 44 Years,Some College,"> $75,000",0.0,1.0,0.161077088978982,0,0,0.838922911021018
45 - 54 Years,College Graduate,"<= $75,000, Above Poverty",0.0,0.0,0.35364590031939175,0,0,0.6463540996806083
35 - 44 Years,College Graduate,"> $75,000",0.0,0.0,0.39702379633408547,0,0,0.6029762036659145
45 - 54 Years,College Graduate,"<= $75,000, Above Poverty",0.0,0.0,0.3665266824970353,0,0,0.6334733175029648
45 - 54 Years,Some College,Below Poverty,1.0,0.0,0.8062108714406844,1,0,0.19378912855931563
45 - 54 Years,Some College,"> $75,000",0.0,0.0,0.2408922921575937,0,0,0.7591077078424063
55 - 64 Years,College Graduate,Below Poverty,0.0,0.0,0.23524784374779317,0,0,0.7647521562522068
18 - 34 Years,College Graduate,"> $75,000",0.0,1.0,0.6029080710668243,1,0,0.3970919289331757
18 - 34 Years,< 12 Years,Below Poverty,1.0,0.0,0.7920380530833327,1,1,0.20796194691666725
35 - 44 Years,< 12 Years,Below Poverty,0.0,0.0,0.06789164638644868,0,0,0.9321083536135513
35 - 44 Years,12 Years,Below Poverty,0.0,0.0,0.45082688050973074,1,0,0.5491731194902693
45 - 54 Years,College Graduate,"<= $75,000, Above Poverty",0.0,0.0,0.7288901613912064,1,0,0.27110983860879356
65+ Years,Some College,"<= $75,000, Above Poverty",0.0,0.0,0.4283976565181568,1,0,0.5716023434818431
55 - 64 Years,College Graduate,"> $75,000",0.0,0.0,0.4217094270121511,1,0,0.5782905729878489
45 - 54 Years,College Graduate,"> $75,000",1.0,0.0,0.7893548352323037,1,0,0.21064516476769635
55 - 64 Years,College Graduate,"> $75,000",0.0,1.0,0.6937798590836828,1,1,0.3062201409163172
18 - 34 Years,College Graduate,"<= $75,000, Above Poverty",1.0,1.0,0.8999440361783964,1,0,0.10005596382160364
55 - 64 Years,< 12 Years,"<= $75,000, Above Poverty",1.0,0.0,0.823161778421651,1,0,0.17683822157834905
18 - 34 Years,College Graduate,"<= $75,000, Above Poverty",0.0,1.0,0.10607212317981221,0,0,0.8939278768201878
45 - 54 Years,College Graduate,"<= $75,000, Above Poverty",0.0,0.0,0.05989200014848715,0,0,0.9401079998515128
45 - 54 Years,College Graduate,"> $75,000",0.0,0.0,0.40585338531575316,1,0,0.5941466146842469
55 - 64 Years,Some College,"> $75,000",0.0,1.0,0.25649358851857584,0,0,0.7435064114814242
65+ Years,12 Years,"<= $75,000, Above Poverty",0.0,0.0,0.1585532718873968,0,0,0.8414467281126032
18 - 34 Years,College Graduate,"<= $75,000, Above Poverty",0.0,0.0,0.24930294443025566,0,0,0.7506970555697443
55 - 64 Years,12 Years,"<= $75,000, Above Poverty",0.0,0.0,0.25829782315171435,0,0,0.7417021768482857
55 - 64 Years,< 12 Years,"<= $75,000, Above Poverty",1.0,0.0,0.7282179143088404,1,1,0.2717820856911596
65+ Years,< 12 Years,"<= $75,000, Above Poverty",1.0,0.0,0.8377765794884415,1,0,0.16222342051155847
55 - 64 Years,College Graduate,"> $75,000",1.0,0.0,0.7155557062405399,1,0,0.2844442937594601
18 - 34 Years,Some College,"<= $75,000, Above Poverty",0.0,0.0,0.15067877256230203,0,1,0.849321227437698
18 - 34 Years,Some College,"<= $75,000, Above Poverty",0.0,0.0,0.18473458407498408,0,0,0.8152654159250159
55 - 64 Years,College Graduate,"> $75,000",0.0,1.0,0.7197297144941514,1,1,0.28027028550584865
45 - 54 Years,College Graduate,"<= $75,000, Above Poverty",1.0,0.0,0.7549791957214428,1,0,0.2450208042785572
45 - 54 Years,12 Years,"> $75,000",0.0,0.0,0.24290637109458585,0,0,0.7570936289054142
65+ Years,12 Years,"<= $75,000, Above Poverty",0.0,0.0,0.3860000096565462,0,0,0.6139999903434539
45 - 54 Years,Some College,"> $75,000",0.0,1.0,0.5222382388283011,1,1,0.4777617611716989
18 - 34 Years,Some College,"<= $75,000, Above Poverty",0.0,0.0,0.10354694703784657,0,0,0.8964530529621534
65+ Years,12 Years,"<= $75,000, Above Poverty",0.0,0.0,0.2358843252840281,0,0,0.7641156747159719
35 - 44 Years,College Graduate,"<= $75,000, Above Poverty",0.0,0.0,0.355649922011428,0,0,0.644350077988572
65+ Years,12 Years,"<= $75,000, Above Poverty",0.0,0.0,0.29437967837085804,0,1,0.7056203216291419
35 - 44 Years,College Graduate,"<= $75,000, Above Poverty",0.0,0.0,0.3405572206437472,0,0,0.6594427793562527
65+ Years,Some College,"<= $75,000, Above Poverty",1.0,0.0,0.6899941640576134,1,0,0.3100058359423866
65+ Years,12 Years,"<= $75,000, Above Poverty",0.0,0.0,0.2593501054506021,0,0,0.7406498945493979
35 - 44 Years,College Graduate,"> $75,000",0.0,0.0,0.39053529803539333,0,0,0.6094647019646067
35 - 44 Years,12 Years,Below Poverty,0.0,0.0,0.23997054851728994,0,0,0.7600294514827101
35 - 44 Years,Some College,"<= $75,000, Above Poverty",0.0,0.0,0.20538632514720337,0,0,0.7946136748527967
18 - 34 Years,Some College,"<= $75,000, Above Poverty",0.0,0.0,0.17662670111991532,0,0,0.8233732988800847
65+ Years,College Graduate,"> $75,000",0.0,0.0,0.38831191847894597,0,1,0.611688081521054
55 - 64 Years,12 Years,"<= $75,000, Above Poverty",0.0,0.0,0.19747093139473798,0,0,0.802529068605262
65+ Years,College Graduate,"> $75,000",0.0,0.0,0.19995438504592816,0,0,0.8000456149540718
65+ Years,College Graduate,"> $75,000",0.0,0.0,0.3392859385989183,0,0,0.6607140614010817
45 - 54 Years,College Graduate,"<= $75,000, Above Poverty",0.0,1.0,0.34912657509749084,0,0,0.6508734249025092
18 - 34 Years,College Graduate,"> $75,000",0.0,0.0,0.1929965805688884,0,0,0.8070034194311115
55 - 64 Years,College Graduate,"<= $75,000, Above Poverty",1.0,0.0,0.602234800864591,1,0,0.397765199135409
18 - 34 Years,Some College,Below Poverty,1.0,0.0,0.8112276627605911,1,0,0.1887723372394089
18 - 34 Years,12 Years,"<= $75,000, Above Poverty",0.0,1.0,0.5420590561767675,1,0,0.45794094382323247
55 - 64 Years,Some College,"> $75,000",0.0,0.0,0.46481256977113194,1,1,0.535187430228868
18 - 34 Years,College Graduate,"<= $75,000, Above Poverty",1.0,0.0,0.6814798530425374,1,0,0.31852014695746256
55 - 64 Years,College Graduate,"> $75,000",0.0,0.0,0.34314501352646815,0,0,0.6568549864735318
18 - 34 Years,< 12 Years,"> $75,000",0.0,1.0,0.19910744492046528,0,0,0.8008925550795347
55 - 64 Years,< 12 Years,Below Poverty,0.0,0.0,0.19421867691634134,0,0,0.8057813230836587
45 - 54 Years,College Graduate,"> $75,000",1.0,1.0,0.9451704864666544,1,1,0.05482951353334564
65+ Years,Some College,"<= $75,000, Above Poverty",0.0,0.0,0.5680069605119101,1,0,0.43199303948808987
35 - 44 Years,College Graduate,"<= $75,000, Above Poverty",1.0,0.0,0.8600363841418599,1,1,0.1399636158581401
35 - 44 Years,12 Years,"> $75,000",0.0,1.0,0.5823133268935408,1,1,0.41768667310645924
65+ Years,12 Years,"<= $75,000, Above Poverty",0.0,0.0,0.5567272651322104,1,0,0.4432727348677896
65+ Years,Some College,"<= $75,000, Above Poverty",0.0,0.0,0.44465115525030324,1,0,0.5553488447496968
35 - 44 Years,12 Years,"<= $75,000, Above Poverty",0.0,0.0,0.2610907396083811,0,0,0.738909260391619
65+ Years,College Graduate,"<= $75,000, Above Poverty",0.0,0.0,0.2203118573537093,0,0,0.7796881426462907
55 - 64 Years,College Graduate,"<= $75,000, Above Poverty",0.0,0.0,0.38995723462597104,0,0,0.610042765374029
65+ Years,Some College,Below Poverty,0.0,0.0,0.4182822828200105,1,0,0.5817177171799894
55 - 64 Years,Some College,Below Poverty,0.0,0.0,0.548928337831618,1,0,0.451071662168382
65+ Years,College Graduate,"<= $75,000, Above Poverty",0.0,0.0,0.3052639611773863,0,0,0.6947360388226137
55 - 64 Years,12 Years,"<= $75,000, Above Poverty",1.0,0.0,0.9553529726232736,1,1,0.044647027376726434
45 - 54 Years,12 Years,"> $75,000",0.0,0.0,0.19668962801725526,0,0,0.8033103719827448
65+ Years,Some College,"<= $75,000, Above Poverty",0.0,0.0,0.37855917920251525,0,0,0.6214408207974847
45 - 54 Years,12 Years,"<= $75,000, Above Poverty",0.0,0.0,0.253637099536159,0,0,0.746362900463841
65+ Years,College Graduate,"> $75,000",0.0,0.0,0.4202654342599188,1,0,0.5797345657400812
55 - 64 Years,12 Years,"<= $75,000, Above Poverty",0.0,0.0,0.22747580265511066,0,0,0.7725241973448893
45 - 54 Years,College Graduate,"> $75,000",0.0,0.0,0.37889815701976365,0,0,0.6211018429802364
65+ Years,College Graduate,"<= $75,000, Above Poverty",0.0,0.0,0.17538179017685337,0,0,0.8246182098231466
65+ Years,College Graduate,"<= $75,000, Above Poverty",0.0,0.0,0.5493600306754194,1,0,0.4506399693245806
55 - 64 Years,< 12 Years,"<= $75,000, Above Poverty",0.0,1.0,0.45663242228037076,1,0,0.5433675777196292
65+ Years,12 Years,"<= $75,000, Above Poverty",0.0,0.0,0.45223595626496566,1,0,0.5477640437350344
45 - 54 Years,College Graduate,"<= $75,000, Above Poverty",0.0,0.0,0.40322856617053054,1,0,0.5967714338294694
45 - 54 Years,College Graduate,"> $75,000",0.0,0.0,0.554714257768727,1,0,0.44528574223127304
35 - 44 Years,< 12 Years,Below Poverty,0.0,0.0,0.2617209744508915,0,1,0.7382790255491085
18 - 34 Years,Some College,"> $75,000",1.0,1.0,0.9279461896851184,1,0,0.07205381031488156
45 - 54 Years,Some College,"<= $75,000, Above Poverty",0.0,1.0,0.46725020803289846,1,0,0.5327497919671016
35 - 44 Years,Some College,"<= $75,000, Above Poverty",0.0,0.0,0.12272534215299817,0,0,0.8772746578470019
55 - 64 Years,College Graduate,"> $75,000",0.0,0.0,0.2666414684020801,0,0,0.7333585315979199
45 - 54 Years,Some College,"<= $75,000, Above Poverty",1.0,0.0,0.7974905789988058,1,1,0.20250942100119418
55 - 64 Years,College Graduate,"> $75,000",0.0,0.0,0.18082086288593652,0,0,0.8191791371140635
18 - 34 Years,College Graduate,"<= $75,000, Above Poverty",0.0,0.0,0.2418811551039387,0,0,0.7581188448960613
55 - 64 Years,College Graduate,"> $75,000",1.0,1.0,0.9361373892300651,1,1,0.06386261076993494
65+ Years,College Graduate,"<= $75,000, Above Poverty",0.0,0.0,0.3895377606393166,0,1,0.6104622393606833
35 - 44 Years,Some College,"> $75,000",0.0,0.0,0.4660285469609526,1,0,0.5339714530390474
65+ Years,12 Years,"<= $75,000, Above Poverty",0.0,0.0,0.29359054798072404,0,0,0.706409452019276
45 - 54 Years,Some College,"<= $75,000, Above Poverty",1.0,0.0,0.7809366525607061,1,0,0.2190633474392939
65+ Years,12 Years,"<= $75,000, Above Poverty",0.0,0.0,0.3104360978311804,0,1,0.6895639021688196
45 - 54 Years,College Graduate,"> $75,000",1.0,0.0,0.8627840312006245,1,1,0.13721596879937548
65+ Years,12 Years,"<= $75,000, Above Poverty",0.0,1.0,0.8043159067995916,1,1,0.19568409320040836
55 - 64 Years,Some College,"<= $75,000, Above Poverty",0.0,1.0,0.690493014724,1,0,0.30950698527599996
45 - 54 Years,College Graduate,"<= $75,000, Above Poverty",0.0,1.0,0.5733069242685618,1,0,0.4266930757314382
65+ Years,College Graduate,"<= $75,000, Above Poverty",0.0,0.0,0.29647731635591595,0,1,0.703522683644084
65+ Years,< 12 Years,"<= $75,000, Above Poverty",0.0,0.0,0.18995214608126776,0,0,0.8100478539187322
18 - 34 Years,12 Years,"<= $75,000, Above Poverty",0.0,0.0,0.22315273640954883,0,0,0.7768472635904512
55 - 64 Years,College Graduate,"> $75,000",0.0,1.0,0.6692348631224678,1,1,0.3307651368775322
35 - 44 Years,College Graduate,"> $75,000",0.0,0.0,0.17107475383294835,0,0,0.8289252461670517
55 - 64 Years,Some College,"<= $75,000, Above Poverty",0.0,0.0,0.1431660437955566,0,0,0.8568339562044434
45 - 54 Years,College Graduate,"> $75,000",0.0,0.0,0.3907164440758122,0,0,0.6092835559241878
65+ Years,College Graduate,"<= $75,000, Above Poverty",0.0,0.0,0.20342702190700068,0,0,0.7965729780929993
45 - 54 Years,Some College,"> $75,000",1.0,0.0,0.6514470299689392,1,1,0.3485529700310608
55 - 64 Years,Some College,"<= $75,000, Above Poverty",1.0,0.0,0.7998207999188499,1,0,0.2001792000811501
45 - 54 Years,Some College,"<= $75,000, Above Poverty",0.0,0.0,0.34269240163256315,0,0,0.6573075983674368
45 - 54 Years,Some College,Below Poverty,0.0,0.0,0.159216596603012,0,0,0.840783403396988
55 - 64 Years,12 Years,Below Poverty,0.0,0.0,0.21267989242474794,0,0,0.7873201075752521
65+ Years,< 12 Years,"<= $75,000, Above Poverty",0.0,0.0,0.39386318292013583,0,1,0.6061368170798642
65+ Years,College Graduate,"> $75,000",0.0,0.0,0.4623309320899361,1,0,0.537669067910064
45 - 54 Years,< 12 Years,"> $75,000",0.0,0.0,0.25299886369217134,0,0,0.7470011363078286
55 - 64 Years,College Graduate,"<= $75,000, Above Poverty",0.0,0.0,0.2696897438547501,0,0,0.7303102561452499
18 - 34 Years,Some College,"<= $75,000, Above Poverty",0.0,0.0,0.0797639667591839,0,0,0.9202360332408162
65+ Years,12 Years,"> $75,000",0.0,0.0,0.22193484623251933,0,0,0.7780651537674806
18 - 34 Years,Some College,"<= $75,000, Above Poverty",0.0,0.0,0.2809219831966999,0,0,0.7190780168033001
65+ Years,College Graduate,"> $75,000",0.0,1.0,0.6486447963659311,1,0,0.3513552036340689
45 - 54 Years,12 Years,"<= $75,000, Above Poverty",0.0,0.0,0.2518924526648554,0,0,0.7481075473351446
55 - 64 Years,Some College,"> $75,000",0.0,0.0,0.1769169020598808,0,0,0.8230830979401191
35 - 44 Years,College Graduate,"> $75,000",0.0,0.0,0.2073941010279535,0,0,0.7926058989720465
55 - 64 Years,College Graduate,"> $75,000",0.0,0.0,0.5130933400919458,1,0,0.48690665990805415
45 - 54 Years,Some College,"<= $75,000, Above Poverty",0.0,1.0,0.37913851610735894,0,0,0.6208614838926411
35 - 44 Years,Some College,Below Poverty,0.0,0.0,0.10980808484437989,0,0,0.8901919151556201
18 - 34 Years,College Graduate,"<= $75,000, Above Poverty",0.0,0.0,0.3120504700537903,0,1,0.6879495299462097
35 - 44 Years,College Graduate,"<= $75,000, Above Poverty",0.0,1.0,0.5711605704493646,1,0,0.42883942955063536
65+ Years,College Graduate,"<= $75,000, Above Poverty",0.0,0.0,0.407877363132545,1,0,0.592122636867455
35 - 44 Years,Some College,"<= $75,000, Above Poverty",0.0,0.0,0.6282601262365551,1,0,0.37173987376344486
18 - 34 Years,12 Years,"<= $75,000, Above Poverty",0.0,0.0,0.3071112722836259,0,1,0.6928887277163741
65+ Years,Some College,"<= $75,000, Above Poverty",0.0,0.0,0.18509599537439658,0,0,0.8149040046256034
55 - 64 Years,College Graduate,"> $75,000",0.0,0.0,0.40336569539358796,1,0,0.596634304606412
35 - 44 Years,Some College,"<= $75,000, Above Poverty",0.0,0.0,0.44204043792436515,1,0,0.5579595620756348
35 - 44 Years,College Graduate,Below Poverty,0.0,0.0,0.2599448833862776,0,0,0.7400551166137224
18 - 34 Years,Some College,"<= $75,000, Above Poverty",0.0,0.0,0.2540697766679862,0,0,0.7459302233320138
55 - 64 Years,Some College,"> $75,000",0.0,0.0,0.24621783183678111,0,0,0.7537821681632189
55 - 64 Years,Some College,Below Poverty,1.0,0.0,0.40910258792528525,1,1,0.5908974120747148
18 - 34 Years,College Graduate,"<= $75,000, Above Poverty",0.0,0.0,0.25068015559728485,0,0,0.7493198444027152
65+ Years,< 12 Years,"<= $75,000, Above Poverty",0.0,0.0,0.1608171124542826,0,0,0.8391828875457175
18 - 34 Years,College Graduate,"<= $75,000, Above Poverty",0.0,0.0,0.2818432025219433,0,0,0.7181567974780567
55 - 64 Years,Some College,"<= $75,000, Above Poverty",1.0,0.0,0.9449103775049966,1,1,0.055089622495003376
55 - 64 Years,12 Years,"<= $75,000, Above Poverty",1.0,0.0,0.7959965220553147,1,1,0.20400347794468532
55 - 64 Years,12 Years,"<= $75,000, Above Poverty",1.0,0.0,0.4993262874662057,1,0,0.5006737125337943
65+ Years,College Graduate,"> $75,000",0.0,0.0,0.4103256069559402,1,1,0.5896743930440598
65+ Years,Some College,"<= $75,000, Above Poverty",1.0,0.0,0.47035229476984314,1,1,0.5296477052301569
45 - 54 Years,12 Years,"<= $75,000, Above Poverty",0.0,1.0,0.5558373686601961,1,1,0.44416263133980394
35 - 44 Years,College Graduate,"> $75,000",0.0,0.0,0.2752156932163681,0,0,0.7247843067836319
45 - 54 Years,Some College,"> $75,000",0.0,0.0,0.09829155130545703,0,0,0.901708448694543
55 - 64 Years,< 12 Years,"<= $75,000, Above Poverty",0.0,0.0,0.5058269307042264,1,0,0.49417306929577365
55 - 64 Years,College Graduate,"> $75,000",0.0,0.0,0.3265260689241349,0,0,0.6734739310758651
45 - 54 Years,College Graduate,"<= $75,000, Above Poverty",0.0,1.0,0.5177742851797213,1,0,0.48222571482027865
55 - 64 Years,College Graduate,"<= $75,000, Above Poverty",0.0,0.0,0.21430681412889,0,0,0.78569318587111
65+ Years,Some College,"<= $75,000, Above Poverty",0.0,0.0,0.28756549193574393,0,0,0.712434508064256
55 - 64 Years,12 Years,"<= $75,000, Above Poverty",1.0,0.0,0.8035416710669919,1,1,0.19645832893300808
18 - 34 Years,College Graduate,"<= $75,000, Above Poverty",0.0,0.0,0.10277799326063744,0,0,0.8972220067393626
55 - 64 Years,Some College,"<= $75,000, Above Poverty",1.0,0.0,0.8664018621329651,1,1,0.1335981378670349
18 - 34 Years,12 Years,"<= $75,000, Above Poverty",0.0,0.0,0.14383881926291414,0,0,0.8561611807370859
55 - 64 Years,Some College,"> $75,000",0.0,0.0,0.19581730415326215,0,0,0.8041826958467378
65+ Years,12 Years,"<= $75,000, Above Poverty",0.0,0.0,0.32065899942695286,0,0,0.6793410005730471
65+ Years,College Graduate,"<= $75,000, Above Poverty",0.0,0.0,0.6273827633137609,1,0,0.37261723668623914
55 - 64 Years,Some College,"<= $75,000, Above Poverty",1.0,1.0,0.8160247904015206,1,0,0.18397520959847935
55 - 64 Years,College Graduate,"> $75,000",1.0,0.0,0.7899833721034841,1,1,0.21001662789651587
45 - 54 Years,Some College,"> $75,000",0.0,0.0,0.2381435024191258,0,0,0.7618564975808741
65+ Years,Some College,"<= $75,000, Above Poverty",0.0,0.0,0.27414947201164697,0,0,0.725850527988353
18 - 34 Years,Some College,"> $75,000",0.0,0.0,0.1651868578409819,0,0,0.8348131421590181
35 - 44 Years,Some College,"<= $75,000, Above Poverty",1.0,0.0,0.45295080068595567,1,0,0.5470491993140443
35 - 44 Years,Some College,"<= $75,000, Above Poverty",0.0,0.0,0.28733172367614823,0,0,0.7126682763238518
35 - 44 Years,College Graduate,"> $75,000",0.0,0.0,0.32639891040969593,0,0,0.6736010895903041
55 - 64 Years,College Graduate,"> $75,000",0.0,0.0,0.18331208906495963,0,0,0.8166879109350403
55 - 64 Years,12 Years,"<= $75,000, Above Poverty",1.0,1.0,0.9298215955081516,1,1,0.07017840449184842
65+ Years,College Graduate,"<= $75,000, Above Poverty",0.0,0.0,0.2935970197053349,0,0,0.7064029802946651
55 - 64 Years,12 Years,"<= $75,000, Above Poverty",0.0,0.0,0.12621843742119293,0,0,0.873781562578807
45 - 54 Years,College Graduate,"> $75,000",0.0,0.0,0.34465727304508686,0,0,0.6553427269549131
18 - 34 Years,College Graduate,"<= $75,000, Above Poverty",0.0,0.0,0.22387688946195813,0,0,0.7761231105380418
18 - 34 Years,12 Years,"<= $75,000, Above Poverty",0.0,0.0,0.29905172327714474,0,0,0.7009482767228552
18 - 34 Years,College Graduate,"> $75,000",0.0,0.0,0.47171235327751004,1,0,0.52828764672249
18 - 34 Years,Some College,"<= $75,000, Above Poverty",0.0,1.0,0.8102236143276088,1,1,0.1897763856723912
65+ Years,Some College,"<= $75,000, Above Poverty",0.0,0.0,0.31677603648444247,0,0,0.6832239635155575
35 - 44 Years,Some College,"<= $75,000, Above Poverty",0.0,0.0,0.16316599324284656,0,0,0.8368340067571535
35 - 44 Years,College Graduate,"> $75,000",1.0,1.0,0.9407550271865408,1,1,0.059244972813459196
18 - 34 Years,College Graduate,"> $75,000",0.0,0.0,0.37672429025937104,0,1,0.623275709740629
65+ Years,Some College,"> $75,000",0.0,0.0,0.3018661368498781,0,0,0.6981338631501219
35 - 44 Years,College Graduate,"<= $75,000, Above Poverty",0.0,0.0,0.4343791555749121,1,0,0.5656208444250879
55 - 64 Years,College Graduate,"> $75,000",1.0,1.0,0.9638526542975451,1,1,0.036147345702454925
65+ Years,College Graduate,"<= $75,000, Above Poverty",0.0,0.0,0.34378848917147503,0,0,0.6562115108285249
18 - 34 Years,Some College,"> $75,000",1.0,0.0,0.6649835551029435,1,0,0.3350164448970565
45 - 54 Years,Some College,"<= $75,000, Above Poverty",0.0,1.0,0.5588417580970557,1,1,0.4411582419029443
45 - 54 Years,12 Years,"<= $75,000, Above Poverty",0.0,0.0,0.15812322862632755,0,0,0.8418767713736725
45 - 54 Years,< 12 Years,"<= $75,000, Above Poverty",0.0,0.0,0.43264464421111176,1,0,0.5673553557888882
65+ Years,College Graduate,"<= $75,000, Above Poverty",0.0,0.0,0.043944318021266866,0,0,0.9560556819787331
65+ Years,< 12 Years,Below Poverty,1.0,0.0,0.7844594992180453,1,1,0.21554050078195475
55 - 64 Years,Some College,"<= $75,000, Above Poverty",0.0,0.0,0.23998663684602017,0,0,0.7600133631539798
18 - 34 Years,College Graduate,"<= $75,000, Above Poverty",0.0,1.0,0.672312527640459,1,1,0.327687472359541
18 - 34 Years,College Graduate,"> $75,000",1.0,0.0,0.7983043936345386,1,0,0.20169560636546136
45 - 54 Years,Some College,"<= $75,000, Above Poverty",0.0,0.0,0.3707025221122113,0,0,0.6292974778877887
55 - 64 Years,12 Years,"<= $75,000, Above Poverty",0.0,0.0,0.30078708256308795,0,0,0.699212917436912
45 - 54 Years,College Graduate,"> $75,000",0.0,0.0,0.41268316071137257,1,0,0.5873168392886274
18 - 34 Years,College Graduate,"> $75,000",1.0,0.0,0.6153768144612407,1,0,0.3846231855387593
65+ Years,College Graduate,"<= $75,000, Above Poverty",0.0,0.0,0.2710550113112281,0,1,0.7289449886887719
45 - 54 Years,Some College,"<= $75,000, Above Poverty",0.0,0.0,0.2601660579810188,0,1,0.7398339420189812
45 - 54 Years,Some College,Below Poverty,1.0,0.0,0.6764994761410174,1,1,0.32350052385898265
55 - 64 Years,Some College,"<= $75,000, Above Poverty",0.0,0.0,0.3995335022119106,0,0,0.6004664977880894
45 - 54 Years,College Graduate,"<= $75,000, Above Poverty",0.0,0.0,0.6048028709886949,1,0,0.3951971290113051
65+ Years,College Graduate,"<= $75,000, Above Poverty",0.0,0.0,0.4886623927459441,1,0,0.5113376072540559
65+ Years,Some College,"<= $75,000, Above Poverty",0.0,0.0,0.3005957142391818,0,0,0.6994042857608183
45 - 54 Years,Some College,"<= $75,000, Above Poverty",0.0,0.0,0.6634677378236591,1,1,0.3365322621763409
35 - 44 Years,College Graduate,"<= $75,000, Above Poverty",0.0,0.0,0.20508122241774834,0,0,0.7949187775822517
65+ Years,12 Years,"<= $75,000, Above Poverty",0.0,0.0,0.28753080962842065,0,0,0.7124691903715794
55 - 64 Years,College Graduate,"> $75,000",0.0,0.0,0.15628237145206955,0,0,0.8437176285479304
65+ Years,College Graduate,"<= $75,000, Above Poverty",1.0,0.0,0.755606827967793,1,1,0.244393172032207
45 - 54 Years,12 Years,"<= $75,000, Above Poverty",0.0,0.0,0.24985927451220405,0,0,0.750140725487796
65+ Years,College Graduate,"<= $75,000, Above Poverty",0.0,0.0,0.33680280593052314,0,1,0.6631971940694769
18 - 34 Years,Some College,"> $75,000",1.0,0.0,0.7113454762347501,1,0,0.2886545237652499
65+ Years,12 Years,"<= $75,000, Above Poverty",1.0,0.0,0.5346605640511886,1,0,0.46533943594881144
35 - 44 Years,College Graduate,"<= $75,000, Above Poverty",0.0,0.0,0.2537801656892261,0,0,0.7462198343107739
55 - 64 Years,Some College,"<= $75,000, Above Poverty",0.0,0.0,0.40960091736939763,1,0,0.5903990826306024
55 - 64 Years,12 Years,"<= $75,000, Above Poverty",0.0,0.0,0.5945073027437128,1,0,0.4054926972562872
45 - 54 Years,College Graduate,"> $75,000",0.0,0.0,0.22549109414299542,0,0,0.7745089058570046
35 - 44 Years,College Graduate,"> $75,000",0.0,1.0,0.7000701000299554,1,0,0.2999298999700446
18 - 34 Years,Some College,"> $75,000",0.0,0.0,0.385837806656794,0,0,0.614162193343206
18 - 34 Years,College Graduate,"<= $75,000, Above Poverty",1.0,0.0,0.8657587880384969,1,0,0.13424121196150307
55 - 64 Years,College Graduate,"> $75,000",0.0,0.0,0.33887381714234666,0,0,0.6611261828576533
45 - 54 Years,College Graduate,"<= $75,000, Above Poverty",0.0,0.0,0.42797161880134943,1,0,0.5720283811986506
45 - 54 Years,College Graduate,"> $75,000",0.0,0.0,0.1408668992756223,0,0,0.8591331007243777
55 - 64 Years,Some College,"> $75,000",0.0,0.0,0.06319302508261428,0,0,0.9368069749173857
35 - 44 Years,College Graduate,"<= $75,000, Above Poverty",0.0,0.0,0.36178449658479606,0,0,0.6382155034152039
45 - 54 Years,College Graduate,"<= $75,000, Above Poverty",0.0,0.0,0.29243746405883,0,0,0.70756253594117
45 - 54 Years,12 Years,"<= $75,000, Above Poverty",0.0,0.0,0.19215129647104004,0,0,0.80784870352896
65+ Years,Some College,"<= $75,000, Above Poverty",1.0,0.0,0.5525404990242426,1,0,0.4474595009757574
65+ Years,Some College,"<= $75,000, Above Poverty",0.0,0.0,0.22551532566600258,0,1,0.7744846743339975
65+ Years,College Graduate,"> $75,000",0.0,1.0,0.6845122343208583,1,0,0.3154877656791417
65+ Years,College Graduate,"<= $75,000, Above Poverty",0.0,0.0,0.3658008008691741,0,0,0.6341991991308259
45 - 54 Years,College Graduate,"<= $75,000, Above Poverty",0.0,1.0,0.06089481118147842,0,0,0.9391051888185216
65+ Years,Some College,"<= $75,000, Above Poverty",0.0,0.0,0.3981632034771681,0,0,0.601836796522832
65+ Years,College Graduate,"<= $75,000, Above Poverty",0.0,0.0,0.18113165863798067,0,0,0.8188683413620194
45 - 54 Years,12 Years,"<= $75,000, Above Poverty",0.0,0.0,0.16163196801769739,0,0,0.8383680319823026
18 - 34 Years,College Graduate,"<= $75,000, Above Poverty",0.0,0.0,0.46423989782497055,1,0,0.5357601021750295
45 - 54 Years,College Graduate,"<= $75,000, Above Poverty",0.0,0.0,0.18367481638605213,0,0,0.8163251836139479
65+ Years,Some College,"<= $75,000, Above Poverty",0.0,0.0,0.13233863793495168,0,0,0.8676613620650483
45 - 54 Years,College Graduate,"<= $75,000, Above Poverty",0.0,1.0,0.21906663608093097,0,0,0.780933363919069
55 - 64 Years,College Graduate,"> $75,000",1.0,0.0,0.9568557037489446,1,1,0.043144296251055425
45 - 54 Years,12 Years,"> $75,000",0.0,0.0,0.2644145241997902,0,0,0.7355854758002098
45 - 54 Years,College Graduate,"<= $75,000, Above Poverty",0.0,0.0,0.15003092307341548,0,0,0.8499690769265845
55 - 64 Years,College Graduate,"<= $75,000, Above Poverty",1.0,0.0,0.642656167105906,1,1,0.357343832894094
55 - 64 Years,College Graduate,"> $75,000",1.0,0.0,0.947667625522273,1,1,0.052332374477726984
45 - 54 Years,12 Years,Below Poverty,0.0,0.0,0.388478778023223,0,0,0.6115212219767769
65+ Years,12 Years,"<= $75,000, Above Poverty",0.0,0.0,0.1381164857757604,0,0,0.8618835142242396
18 - 34 Years,Some College,Below Poverty,0.0,0.0,0.22781459575020158,0,0,0.7721854042497984
65+ Years,College Graduate,"<= $75,000, Above Poverty",0.0,1.0,0.7159341450814141,1,0,0.28406585491858594
55 - 64 Years,Some College,"<= $75,000, Above Poverty",0.0,0.0,0.5632363939624607,1,1,0.4367636060375393
65+ Years,College Graduate,"<= $75,000, Above Poverty",1.0,0.0,0.8512982467131007,1,0,0.14870175328689927
18 - 34 Years,College Graduate,"<= $75,000, Above Poverty",0.0,0.0,0.15263029658325797,0,0,0.847369703416742
45 - 54 Years,12 Years,Below Poverty,1.0,0.0,0.6580407672791758,1,1,0.3419592327208242
18 - 34 Years,Some College,"> $75,000",0.0,0.0,0.0870942729611039,0,0,0.912905727038896
65+ Years,Some College,"<= $75,000, Above Poverty",1.0,1.0,0.9259877887433828,1,0,0.07401221125661717
65+ Years,Some College,"<= $75,000, Above Poverty",1.0,0.0,0.3701010137063898,0,0,0.6298989862936102
45 - 54 Years,12 Years,"> $75,000",0.0,0.0,0.14558406151701503,0,0,0.854415938482985
35 - 44 Years,12 Years,Below Poverty,0.0,0.0,0.33774559001649135,0,0,0.6622544099835086
45 - 54 Years,12 Years,"<= $75,000, Above Poverty",0.0,0.0,0.15001347010131616,0,0,0.8499865298986838
65+ Years,College Graduate,"> $75,000",0.0,0.0,0.24191348437513904,0,0,0.758086515624861
55 - 64 Years,College Graduate,"<= $75,000, Above Poverty",0.0,0.0,0.40528510412852853,1,0,0.5947148958714714
35 - 44 Years,College Graduate,"> $75,000",0.0,0.0,0.48674958376182226,1,0,0.5132504162381777
35 - 44 Years,Some College,"<= $75,000, Above Poverty",1.0,0.0,0.9358603003296426,1,0,0.06413969967035738
65+ Years,College Graduate,Below Poverty,0.0,0.0,0.133370163708701,0,0,0.866629836291299
65+ Years,Some College,"<= $75,000, Above Poverty",1.0,0.0,0.6804702024008334,1,0,0.31952979759916655
55 - 64 Years,College Graduate,"> $75,000",0.0,0.0,0.41989691143083246,1,0,0.5801030885691676
55 - 64 Years,12 Years,"> $75,000",0.0,0.0,0.5321214434848194,1,1,0.4678785565151806
55 - 64 Years,12 Years,"<= $75,000, Above Poverty",0.0,0.0,0.3600072010713097,0,0,0.6399927989286903
65+ Years,Some College,"<= $75,000, Above Poverty",0.0,0.0,0.36921763089372883,0,0,0.6307823691062712
55 - 64 Years,< 12 Years,"<= $75,000, Above Poverty",0.0,0.0,0.48740709183367376,1,0,0.5125929081663263
18 - 34 Years,College Graduate,"> $75,000",0.0,0.0,0.5342707930478032,1,0,0.4657292069521968
45 - 54 Years,College Graduate,"<= $75,000, Above Poverty",0.0,0.0,0.14197802886319358,0,0,0.8580219711368064
55 - 64 Years,College Graduate,"> $75,000",0.0,0.0,0.45019043942404663,1,0,0.5498095605759534
18 - 34 Years,College Graduate,"> $75,000",0.0,0.0,0.22764817104737867,0,0,0.7723518289526213
35 - 44 Years,College Graduate,"<= $75,000, Above Poverty",0.0,0.0,0.6758189267220157,1,0,0.3241810732779843
45 - 54 Years,12 Years,Below Poverty,0.0,1.0,0.5517878459354129,1,1,0.44821215406458714
65+ Years,Some College,"<= $75,000, Above Poverty",1.0,0.0,0.8344311486305283,1,1,0.16556885136947175
65+ Years,College Graduate,"> $75,000",0.0,0.0,0.34846064631775425,0,0,0.6515393536822458
55 - 64 Years,College Graduate,"<= $75,000, Above Poverty",0.0,0.0,0.250634622807667,0,0,0.749365377192333
55 - 64 Years,12 Years,"<= $75,000, Above Poverty",0.0,0.0,0.2976703709697979,0,0,0.7023296290302021
35 - 44 Years,College Graduate,"<= $75,000, Above Poverty",0.0,0.0,0.28196834099849527,0,0,0.7180316590015048
65+ Years,12 Years,Below Poverty,0.0,0.0,0.1688209891790375,0,0,0.8311790108209625
65+ Years,< 12 Years,"<= $75,000, Above Poverty",0.0,0.0,0.5883392083688537,1,0,0.41166079163114633
65+ Years,12 Years,"<= $75,000, Above Poverty",0.0,0.0,0.30730425467419087,0,0,0.6926957453258091
65+ Years,Some College,"<= $75,000, Above Poverty",1.0,0.0,0.8247185622566932,1,1,0.17528143774330684
65+ Years,12 Years,"<= $75,000, Above Poverty",0.0,0.0,0.6516001199535011,1,0,0.3483998800464989
65+ Years,College Graduate,"<= $75,000, Above Poverty",0.0,0.0,0.27212117036646477,0,0,0.7278788296335352
55 - 64 Years,12 Years,"<= $75,000, Above Poverty",0.0,1.0,0.5156214545587072,1,1,0.4843785454412928
45 - 54 Years,College Graduate,"<= $75,000, Above Poverty",0.0,0.0,0.2035475321855419,0,0,0.7964524678144581
65+ Years,Some College,Below Poverty,1.0,0.0,0.9306085346192005,1,0,0.06939146538079954
18 - 34 Years,Some College,"<= $75,000, Above Poverty",0.0,0.0,0.2578771430567642,0,0,0.7421228569432359
35 - 44 Years,College Graduate,"<= $75,000, Above Poverty",0.0,0.0,0.25857296245261485,0,0,0.7414270375473851
65+ Years,College Graduate,"<= $75,000, Above Poverty",0.0,0.0,0.5973005326187654,1,0,0.40269946738123463
65+ Years,12 Years,"<= $75,000, Above Poverty",0.0,0.0,0.2877953959362076,0,0,0.7122046040637924
18 - 34 Years,Some College,"<= $75,000, Above Poverty",0.0,0.0,0.3247717166415714,0,0,0.6752282833584287
65+ Years,College Graduate,"<= $75,000, Above Poverty",0.0,0.0,0.1935924238846362,0,0,0.8064075761153637
35 - 44 Years,College Graduate,"> $75,000",0.0,0.0,0.257829777499488,0,0,0.742170222500512
55 - 64 Years,College Graduate,"<= $75,000, Above Poverty",0.0,0.0,0.20801199993422406,0,0,0.791988000065776
55 - 64 Years,College Graduate,"<= $75,000, Above Poverty",1.0,0.0,0.9137412173266164,1,1,0.0862587826733836
18 - 34 Years,12 Years,"<= $75,000, Above Poverty",0.0,0.0,0.29426921358877756,0,0,0.7057307864112224
18 - 34 Years,College Graduate,"<= $75,000, Above Poverty",0.0,1.0,0.5201221226111553,1,1,0.4798778773888447
65+ Years,Some College,"<= $75,000, Above Poverty",0.0,0.0,0.33182092771172383,0,0,0.6681790722882761
55 - 64 Years,12 Years,"> $75,000",0.0,0.0,0.36398713040203,0,1,0.63601286959797
55 - 64 Years,College Graduate,"<= $75,000, Above Poverty",0.0,0.0,0.4104131627833368,1,0,0.5895868372166633
65+ Years,College Graduate,"<= $75,000, Above Poverty",0.0,0.0,0.5029963000907898,1,0,0.49700369990921023
65+ Years,College Graduate,"<= $75,000, Above Poverty",0.0,0.0,0.29217346848557113,0,0,0.7078265315144289
55 - 64 Years,12 Years,"<= $75,000, Above Poverty",1.0,0.0,0.9233045765968824,1,1,0.07669542340311764
18 - 34 Years,College Graduate,"<= $75,000, Above Poverty",0.0,0.0,0.2434202290746681,0,0,0.7565797709253319
35 - 44 Years,Some College,"> $75,000",0.0,0.0,0.18277556097863365,0,0,0.8172244390213663
35 - 44 Years,College Graduate,"> $75,000",1.0,0.0,0.4378957806984788,1,1,0.5621042193015212
55 - 64 Years,College Graduate,"<= $75,000, Above Poverty",0.0,0.0,0.40998495689452946,1,1,0.5900150431054705
18 - 34 Years,Some College,"<= $75,000, Above Poverty",0.0,1.0,0.659202385193529,1,0,0.34079761480647097
35 - 44 Years,College Graduate,"> $75,000",0.0,1.0,0.7294269173900666,1,1,0.2705730826099334
45 - 54 Years,12 Years,"<= $75,000, Above Poverty",0.0,0.0,0.19609850956380948,0,0,0.8039014904361905
55 - 64 Years,Some College,"<= $75,000, Above Poverty",0.0,0.0,0.31496641628522826,0,0,0.6850335837147717
65+ Years,College Graduate,"<= $75,000, Above Poverty",0.0,0.0,0.4987138793576381,1,0,0.5012861206423619
45 - 54 Years,< 12 Years,Below Poverty,0.0,0.0,0.07771157809860918,0,0,0.9222884219013908
18 - 34 Years,12 Years,Below Poverty,0.0,0.0,0.12331660942236433,0,0,0.8766833905776357
18 - 34 Years,12 Years,"<= $75,000, Above Poverty",0.0,0.0,0.18634581995839966,0,0,0.8136541800416004
45 - 54 Years,< 12 Years,Below Poverty,1.0,0.0,0.7292561721553743,1,0,0.2707438278446257
55 - 64 Years,Some College,"<= $75,000, Above Poverty",1.0,0.0,0.8228225431627845,1,1,0.17717745683721553
55 - 64 Years,Some College,"<= $75,000, Above Poverty",0.0,0.0,0.14040092973551538,0,0,0.8595990702644847
35 - 44 Years,College Graduate,"<= $75,000, Above Poverty",0.0,0.0,0.3299827574936954,0,0,0.6700172425063047
55 - 64 Years,College Graduate,"<= $75,000, Above Poverty",0.0,0.0,0.4438353416311699,1,0,0.5561646583688301
35 - 44 Years,College Graduate,"> $75,000",0.0,0.0,0.32886219185206633,0,0,0.6711378081479337
55 - 64 Years,College Graduate,"<= $75,000, Above Poverty",0.0,0.0,0.621442946696114,1,0,0.378557053303886
45 - 54 Years,College Graduate,"> $75,000",0.0,0.0,0.49726483720615744,1,0,0.5027351627938426
18 - 34 Years,College Graduate,"<= $75,000, Above Poverty",1.0,0.0,0.83285739858793,1,0,0.16714260141207005
55 - 64 Years,College Graduate,"<= $75,000, Above Poverty",1.0,0.0,0.7472089493869051,1,0,0.2527910506130949
55 - 64 Years,12 Years,"<= $75,000, Above Poverty",0.0,0.0,0.22782305569445888,0,0,0.7721769443055411
55 - 64 Years,12 Years,"<= $75,000, Above Poverty",0.0,1.0,0.5593203499689746,1,1,0.4406796500310254
18 - 34 Years,College Graduate,"<= $75,000, Above Poverty",1.0,0.0,0.6296249660959384,1,0,0.37037503390406157
55 - 64 Years,< 12 Years,Below Poverty,0.0,1.0,0.23736721086447285,0,0,0.7626327891355271
45 - 54 Years,Some College,"<= $75,000, Above Poverty",0.0,0.0,0.4970197065867005,1,0,0.5029802934132994
55 - 64 Years,12 Years,"<= $75,000, Above Poverty",1.0,0.0,0.5046628700751179,1,1,0.4953371299248821
55 - 64 Years,College Graduate,Below Poverty,0.0,0.0,0.2938493634188378,0,0,0.7061506365811623
18 - 34 Years,College Graduate,"<= $75,000, Above Poverty",0.0,0.0,0.26255098582211805,0,0,0.737449014177882
65+ Years,12 Years,"<= $75,000, Above Poverty",1.0,0.0,0.6150371359473449,1,1,0.3849628640526551
65+ Years,College Graduate,"<= $75,000, Above Poverty",0.0,0.0,0.4624430400481801,1,0,0.53755695995182
18 - 34 Years,College Graduate,"<= $75,000, Above Poverty",0.0,1.0,0.6435029827930859,1,0,0.35649701720691407
65+ Years,Some College,Below Poverty,0.0,0.0,0.15454882529748581,0,1,0.8454511747025142
65+ Years,Some College,"<= $75,000, Above Poverty",0.0,0.0,0.3269202696078339,0,0,0.6730797303921661
35 - 44 Years,College Graduate,"> $75,000",0.0,0.0,0.12891716870491174,0,0,0.8710828312950882
18 - 34 Years,12 Years,"> $75,000",0.0,0.0,0.1106312661501703,0,0,0.8893687338498297
65+ Years,College Graduate,"<= $75,000, Above Poverty",0.0,0.0,0.31769092629412754,0,0,0.6823090737058725
65+ Years,Some College,"<= $75,000, Above Poverty",0.0,0.0,0.7270795602735247,1,1,0.2729204397264753
55 - 64 Years,College Graduate,"<= $75,000, Above Poverty",0.0,0.0,0.30600256634906936,0,0,0.6939974336509307
45 - 54 Years,Some College,"> $75,000",0.0,0.0,0.4107257085014331,1,0,0.5892742914985669
55 - 64 Years,College Graduate,"<= $75,000, Above Poverty",0.0,0.0,0.3235291047314992,0,0,0.6764708952685008
65+ Years,12 Years,"> $75,000",0.0,0.0,0.3623829320618962,0,0,0.6376170679381038
55 - 64 Years,College Graduate,"> $75,000",0.0,0.0,0.4275587089854868,1,1,0.5724412910145131
35 - 44 Years,College Graduate,"> $75,000",0.0,0.0,0.45942537916021037,1,0,0.5405746208397897
35 - 44 Years,12 Years,"<= $75,000, Above Poverty",0.0,0.0,0.6228909277897753,1,0,0.3771090722102247
35 - 44 Years,College Graduate,"<= $75,000, Above Poverty",0.0,1.0,0.24498001543875872,0,0,0.7550199845612413
35 - 44 Years,College Graduate,"<= $75,000, Above Poverty",0.0,0.0,0.4647119590542798,1,0,0.5352880409457201
35 - 44 Years,Some College,"<= $75,000, Above Poverty",1.0,0.0,0.33729791225804995,0,0,0.66270208774195
18 - 34 Years,< 12 Years,Below Poverty,1.0,0.0,0.9005453448188155,1,1,0.09945465518118446
55 - 64 Years,College Graduate,"> $75,000",1.0,1.0,0.9802823933449424,1,1,0.019717606655057618
35 - 44 Years,College Graduate,"<= $75,000, Above Poverty",0.0,0.0,0.21406424595119322,0,0,0.7859357540488068
65+ Years,College Graduate,"> $75,000",0.0,0.0,0.3106176162962142,0,0,0.6893823837037858
18 - 34 Years,Some College,"<= $75,000, Above Poverty",0.0,0.0,0.29212154059644374,0,0,0.7078784594035563
45 - 54 Years,College Graduate,"> $75,000",0.0,0.0,0.27628513405064276,0,0,0.7237148659493573
55 - 64 Years,College Graduate,"> $75,000",1.0,1.0,0.9558923193946715,1,0,0.04410768060532855
35 - 44 Years,Some College,"<= $75,000, Above Poverty",1.0,1.0,0.9068473622518342,1,1,0.09315263774816585
18 - 34 Years,College Graduate,"<= $75,000, Above Poverty",0.0,0.0,0.0439985115682779,0,1,0.9560014884317221
55 - 64 Years,College Graduate,"<= $75,000, Above Poverty",0.0,1.0,0.3335502378742349,0,0,0.6664497621257651
65+ Years,Some College,"<= $75,000, Above Poverty",0.0,1.0,0.5657756008236277,1,0,0.43422439917637234
45 - 54 Years,Some College,"> $75,000",0.0,1.0,0.8244231921835808,1,1,0.17557680781641916
55 - 64 Years,College Graduate,"<= $75,000, Above Poverty",0.0,0.0,0.37020550245661404,0,0,0.629794497543386
18 - 34 Years,Some College,"<= $75,000, Above Poverty",0.0,0.0,0.06440505084671191,0,0,0.9355949491532881
65+ Years,12 Years,"<= $75,000, Above Poverty",0.0,1.0,0.5235911940899506,1,0,0.4764088059100494
55 - 64 Years,12 Years,"<= $75,000, Above Poverty",0.0,0.0,0.19417995086033157,0,0,0.8058200491396684
65+ Years,College Graduate,"<= $75,000, Above Poverty",0.0,0.0,0.5281639016081078,1,0,0.4718360983918922
45 - 54 Years,College Graduate,"> $75,000",0.0,0.0,0.1497889802401522,0,0,0.8502110197598478
18 - 34 Years,12 Years,Below Poverty,1.0,0.0,0.6814027404524625,1,0,0.3185972595475375
18 - 34 Years,College Graduate,"<= $75,000, Above Poverty",0.0,0.0,0.26916694079920517,0,0,0.7308330592007948
65+ Years,12 Years,"<= $75,000, Above Poverty",0.0,0.0,0.36203093651147655,0,0,0.6379690634885234
65+ Years,< 12 Years,"<= $75,000, Above Poverty",0.0,0.0,0.2622019362470851,0,0,0.7377980637529149
18 - 34 Years,Some College,Below Poverty,0.0,0.0,0.15351448967043385,0,0,0.8464855103295661
45 - 54 Years,12 Years,"> $75,000",0.0,0.0,0.21816122521638684,0,0,0.7818387747836132
65+ Years,Some College,"<= $75,000, Above Poverty",0.0,0.0,0.18314115073410228,0,0,0.8168588492658977
65+ Years,< 12 Years,Below Poverty,1.0,0.0,0.7987781339111542,1,1,0.20122186608884585
45 - 54 Years,12 Years,Below Poverty,0.0,0.0,0.06818308317870932,0,0,0.9318169168212906
65+ Years,12 Years,Below Poverty,0.0,0.0,0.29863731745403943,0,0,0.7013626825459606
65+ Years,College Graduate,"<= $75,000, Above Poverty",0.0,0.0,0.15338676455330924,0,0,0.8466132354466908
35 - 44 Years,College Graduate,"> $75,000",0.0,1.0,0.8612941500647393,1,1,0.1387058499352607
45 - 54 Years,College Graduate,"<= $75,000, Above Poverty",0.0,1.0,0.37542483041126223,0,0,0.6245751695887378
18 - 34 Years,12 Years,"<= $75,000, Above Poverty",0.0,0.0,0.2296824129357991,0,0,0.770317587064201
35 - 44 Years,Some College,"<= $75,000, Above Poverty",0.0,0.0,0.18551720479066117,0,1,0.8144827952093389
45 - 54 Years,12 Years,"<= $75,000, Above Poverty",0.0,0.0,0.3052998221500578,0,0,0.6947001778499422
55 - 64 Years,College Graduate,"<= $75,000, Above Poverty",0.0,0.0,0.26458093971014074,0,0,0.7354190602898593
35 - 44 Years,< 12 Years,Below Poverty,1.0,0.0,0.6529284811353323,1,0,0.3470715188646677
45 - 54 Years,College Graduate,"<= $75,000, Above Poverty",1.0,0.0,0.8574854688329292,1,1,0.1425145311670708
65+ Years,< 12 Years,Below Poverty,0.0,0.0,0.38773425879257645,0,0,0.6122657412074235
65+ Years,Some College,"> $75,000",0.0,0.0,0.38452600913640933,0,0,0.6154739908635907
18 - 34 Years,< 12 Years,"<= $75,000, Above Poverty",0.0,0.0,0.20615447074899745,0,0,0.7938455292510025
55 - 64 Years,12 Years,"<= $75,000, Above Poverty",0.0,0.0,0.3249883353409862,0,0,0.6750116646590139
55 - 64 Years,College Graduate,"<= $75,000, Above Poverty",0.0,0.0,0.42803400329106767,1,0,0.5719659967089323
55 - 64 Years,College Graduate,"<= $75,000, Above Poverty",0.0,0.0,0.6992266927067516,1,1,0.30077330729324836
55 - 64 Years,College Graduate,"<= $75,000, Above Poverty",1.0,0.0,0.5548137364535531,1,0,0.44518626354644686
65+ Years,College Graduate,"> $75,000",0.0,0.0,0.590699320750913,1,0,0.409300679249087
55 - 64 Years,College Graduate,"> $75,000",0.0,0.0,0.3986449460910881,0,0,0.6013550539089119
35 - 44 Years,12 Years,"<= $75,000, Above Poverty",0.0,0.0,0.046929867794284645,0,0,0.9530701322057153
18 - 34 Years,Some College,"<= $75,000, Above Poverty",0.0,1.0,0.6239195135350366,1,0,0.3760804864649634
18 - 34 Years,Some College,"<= $75,000, Above Poverty",1.0,0.0,0.7356497407288327,1,1,0.2643502592711673
65+ Years,College Graduate,"<= $75,000, Above Poverty",1.0,0.0,0.71322772089455,1,1,0.28677227910545
65+ Years,12 Years,Below Poverty,0.0,0.0,0.625806143577049,1,0,0.374193856422951
18 - 34 Years,College Graduate,"<= $75,000, Above Poverty",1.0,0.0,0.8701201126568169,1,1,0.12987988734318312
18 - 34 Years,12 Years,"<= $75,000, Above Poverty",1.0,0.0,0.7575443828760233,1,0,0.24245561712397667
45 - 54 Years,Some College,"<= $75,000, Above Poverty",1.0,0.0,0.7213653929660683,1,0,0.2786346070339317
55 - 64 Years,< 12 Years,Below Poverty,0.0,0.0,0.36688436276467457,0,0,0.6331156372353255
65+ Years,12 Years,"<= $75,000, Above Poverty",0.0,0.0,0.18685568545846853,0,0,0.8131443145415315
45 - 54 Years,Some College,"<= $75,000, Above Poverty",0.0,0.0,0.5237975280634382,1,0,0.47620247193656184
65+ Years,College Graduate,"<= $75,000, Above Poverty",0.0,0.0,0.29937866520798534,0,0,0.7006213347920147
18 - 34 Years,Some College,"<= $75,000, Above Poverty",1.0,0.0,0.8460772498191423,1,1,0.15392275018085766
65+ Years,Some College,"<= $75,000, Above Poverty",0.0,0.0,0.27023315752987265,0,0,0.7297668424701274
45 - 54 Years,Some College,"<= $75,000, Above Poverty",0.0,0.0,0.24304618443435794,0,0,0.7569538155656421
45 - 54 Years,Some College,"<= $75,000, Above Poverty",0.0,0.0,0.27793908684159646,0,0,0.7220609131584035
65+ Years,College Graduate,"<= $75,000, Above Poverty",0.0,0.0,0.5084314988068999,1,0,0.49156850119310014
45 - 54 Years,College Graduate,"> $75,000",0.0,0.0,0.4156607973732789,1,0,0.5843392026267211
18 - 34 Years,12 Years,"<= $75,000, Above Poverty",1.0,0.0,0.6339759912973112,1,1,0.3660240087026888
45 - 54 Years,12 Years,"> $75,000",0.0,0.0,0.09821426646458521,0,0,0.9017857335354148
35 - 44 Years,12 Years,"<= $75,000, Above Poverty",0.0,0.0,0.24465562305896785,0,0,0.7553443769410322
18 - 34 Years,College Graduate,"<= $75,000, Above Poverty",1.0,0.0,0.8425564056862606,1,0,0.15744359431373944
45 - 54 Years,Some College,"> $75,000",0.0,0.0,0.3481742340296976,0,0,0.6518257659703024
45 - 54 Years,< 12 Years,Below Poverty,0.0,0.0,0.17069491867356743,0,0,0.8293050813264325
65+ Years,12 Years,"<= $75,000, Above Poverty",0.0,0.0,0.26050964507761804,0,0,0.7394903549223819
18 - 34 Years,Some College,"<= $75,000, Above Poverty",0.0,0.0,0.40241292921789035,1,0,0.5975870707821096
65+ Years,Some College,"<= $75,000, Above Poverty",0.0,0.0,0.5138843445185681,1,0,0.4861156554814319
18 - 34 Years,12 Years,Below Poverty,1.0,0.0,0.4912463268732177,1,0,0.5087536731267823
35 - 44 Years,College Graduate,"> $75,000",0.0,0.0,0.3944292360303354,0,1,0.6055707639696646
35 - 44 Years,12 Years,"> $75,000",1.0,0.0,0.509998196946482,1,0,0.49000180305351804
55 - 64 Years,College Graduate,"> $75,000",0.0,0.0,0.40111008123345043,1,0,0.5988899187665495
55 - 64 Years,College Graduate,"<= $75,000, Above Poverty",0.0,1.0,0.40959513943661546,1,0,0.5904048605633845
65+ Years,College Graduate,"<= $75,000, Above Poverty",0.0,0.0,0.09925094227762736,0,0,0.9007490577223727
55 - 64 Years,12 Years,"<= $75,000, Above Poverty",1.0,0.0,0.746056146459712,1,1,0.25394385354028803
35 - 44 Years,College Graduate,"<= $75,000, Above Poverty",0.0,0.0,0.3582307019292944,0,0,0.6417692980707056
65+ Years,College Graduate,"<= $75,000, Above Poverty",0.0,0.0,0.3043746283677852,0,0,0.6956253716322147
35 - 44 Years,College Graduate,"<= $75,000, Above Poverty",1.0,1.0,0.9659383970112547,1,1,0.034061602988745276
55 - 64 Years,Some College,"> $75,000",0.0,1.0,0.8149899919794682,1,0,0.1850100080205318
18 - 34 Years,Some College,"<= $75,000, Above Poverty",0.0,0.0,0.2765385659385403,0,0,0.7234614340614597
55 - 64 Years,12 Years,"<= $75,000, Above Poverty",0.0,0.0,0.28253110157293493,0,0,0.7174688984270651
35 - 44 Years,Some College,"<= $75,000, Above Poverty",0.0,0.0,0.26896510799701684,0,0,0.7310348920029832
45 - 54 Years,12 Years,"<= $75,000, Above Poverty",0.0,0.0,0.10723130069755903,0,0,0.892768699302441
45 - 54 Years,< 12 Years,"<= $75,000, Above Poverty",0.0,0.0,0.29038330307353155,0,0,0.7096166969264684
65+ Years,12 Years,Below Poverty,0.0,0.0,0.38565513721232675,0,1,0.6143448627876733
65+ Years,12 Years,"<= $75,000, Above Poverty",1.0,0.0,0.8392705905801592,1,1,0.16072940941984082
55 - 64 Years,12 Years,"<= $75,000, Above Poverty",0.0,1.0,0.7352247947869839,1,1,0.2647752052130161
65+ Years,College Graduate,"<= $75,000, Above Poverty",0.0,0.0,0.24252249667686224,0,0,0.7574775033231378
45 - 54 Years,12 Years,Below Poverty,0.0,0.0,0.24254730777687186,0,0,0.7574526922231282
45 - 54 Years,College Graduate,"<= $75,000, Above Poverty",0.0,0.0,0.16376346519293222,0,0,0.8362365348070677
18 - 34 Years,12 Years,"> $75,000",0.0,0.0,0.17895241493629088,0,0,0.8210475850637091
65+ Years,College Graduate,"<= $75,000, Above Poverty",0.0,0.0,0.34663435988615426,0,0,0.6533656401138457
65+ Years,Some College,"> $75,000",1.0,0.0,0.8222170088866109,1,0,0.17778299111338913
35 - 44 Years,College Graduate,"<= $75,000, Above Poverty",0.0,0.0,0.2054105530857902,0,0,0.7945894469142099
65+ Years,College Graduate,"> $75,000",0.0,0.0,0.26236117253680163,0,0,0.7376388274631984
18 - 34 Years,Some College,"<= $75,000, Above Poverty",0.0,0.0,0.22316776651276712,0,0,0.7768322334872328
18 - 34 Years,College Graduate,"<= $75,000, Above Poverty",0.0,1.0,0.5202674435766816,1,1,0.47973255642331836
65+ Years,College Graduate,"<= $75,000, Above Poverty",1.0,0.0,0.968284934811165,1,1,0.031715065188835045
18 - 34 Years,College Graduate,"<= $75,000, Above Poverty",0.0,1.0,0.6064030252808731,1,0,0.3935969747191269
65+ Years,Some College,"<= $75,000, Above Poverty",0.0,0.0,0.21129514624230467,0,0,0.7887048537576953
55 - 64 Years,College Graduate,"> $75,000",0.0,0.0,0.2890303819908123,0,0,0.7109696180091877
45 - 54 Years,College Graduate,"<= $75,000, Above Poverty",0.0,0.0,0.40818574656990986,1,0,0.5918142534300901
55 - 64 Years,12 Years,"<= $75,000, Above Poverty",0.0,0.0,0.2581014159644809,0,0,0.7418985840355191
18 - 34 Years,College Graduate,"<= $75,000, Above Poverty",0.0,0.0,0.15889284390082645,0,0,0.8411071560991735
55 - 64 Years,College Graduate,"> $75,000",0.0,0.0,0.6529072858488633,1,0,0.34709271415113674
35 - 44 Years,Some College,"<= $75,000, Above Poverty",0.0,0.0,0.2784408169742781,0,0,0.721559183025722
55 - 64 Years,< 12 Years,Below Poverty,0.0,0.0,0.16906062622360502,0,0,0.830939373776395
18 - 34 Years,College Graduate,"<= $75,000, Above Poverty",0.0,0.0,0.29401699814215715,0,0,0.7059830018578428
45 - 54 Years,Some College,"<= $75,000, Above Poverty",0.0,1.0,0.4609949430346013,1,0,0.5390050569653987
55 - 64 Years,College Graduate,"<= $75,000, Above Poverty",0.0,0.0,0.42707526332972917,1,0,0.5729247366702708
45 - 54 Years,Some College,"> $75,000",0.0,0.0,0.32227115442032017,0,0,0.6777288455796798
65+ Years,College Graduate,"<= $75,000, Above Poverty",0.0,0.0,0.10793971379113863,0,0,0.8920602862088614
55 - 64 Years,College Graduate,"> $75,000",0.0,0.0,0.3717360019622466,0,0,0.6282639980377533
45 - 54 Years,College Graduate,"> $75,000",0.0,1.0,0.7845073243892147,1,0,0.21549267561078533
65+ Years,12 Years,"<= $75,000, Above Poverty",0.0,0.0,0.40411024505853876,1,0,0.5958897549414612
18 - 34 Years,College Graduate,"<= $75,000, Above Poverty",0.0,0.0,0.43095594304678525,1,0,0.5690440569532147
18 - 34 Years,College Graduate,"<= $75,000, Above Poverty",0.0,0.0,0.24011530549192273,0,0,0.7598846945080773
45 - 54 Years,Some College,"<= $75,000, Above Poverty",0.0,1.0,0.47699831367946793,1,1,0.523001686320532
45 - 54 Years,College Graduate,"> $75,000",0.0,0.0,0.2911572069948448,0,0,0.7088427930051552
35 - 44 Years,12 Years,"> $75,000",0.0,0.0,0.11370813551122548,0,0,0.8862918644887745
18 - 34 Years,Some College,"<= $75,000, Above Poverty",0.0,0.0,0.22718905443414064,0,0,0.7728109455658594
45 - 54 Years,College Graduate,"<= $75,000, Above Poverty",0.0,0.0,0.1827554795807323,0,1,0.8172445204192678
65+ Years,< 12 Years,"<= $75,000, Above Poverty",0.0,0.0,0.6282017608739314,1,0,0.3717982391260686
65+ Years,Some College,"<= $75,000, Above Poverty",0.0,0.0,0.3928503883378128,0,0,0.6071496116621873
35 - 44 Years,Some College,"<= $75,000, Above Poverty",1.0,0.0,0.7826037488511208,1,1,0.21739625114887917
35 - 44 Years,Some College,"<= $75,000, Above Poverty",1.0,0.0,0.5946962762303291,1,0,0.40530372376967094
18 - 34 Years,Some College,Below Poverty,1.0,0.0,0.9084905825349289,1,0,0.09150941746507113
45 - 54 Years,12 Years,"> $75,000",0.0,0.0,0.1081542148456716,0,0,0.8918457851543284
18 - 34 Years,Some College,"> $75,000",0.0,0.0,0.12550790526929267,0,0,0.8744920947307073
35 - 44 Years,College Graduate,"<= $75,000, Above Poverty",0.0,0.0,0.13057351266885878,0,0,0.8694264873311413
65+ Years,College Graduate,"<= $75,000, Above Poverty",1.0,0.0,0.40583396213926926,1,0,0.5941660378607307
65+ Years,College Graduate,"<= $75,000, Above Poverty",1.0,0.0,0.8313537035769741,1,1,0.16864629642302587
65+ Years,< 12 Years,"<= $75,000, Above Poverty",0.0,1.0,0.6599531842080769,1,0,0.3400468157919231
65+ Years,College Graduate,"<= $75,000, Above Poverty",0.0,0.0,0.47519802174950015,1,1,0.5248019782504998
18 - 34 Years,College Graduate,"<= $75,000, Above Poverty",0.0,0.0,0.32560539685178813,0,0,0.6743946031482119
55 - 64 Years,Some College,"<= $75,000, Above Poverty",0.0,0.0,0.10549281873869652,0,0,0.8945071812613035
65+ Years,12 Years,"<= $75,000, Above Poverty",0.0,0.0,0.12556742670261767,0,0,0.8744325732973823
65+ Years,12 Years,"<= $75,000, Above Poverty",0.0,0.0,0.1871202035347472,0,0,0.8128797964652528
45 - 54 Years,College Graduate,"<= $75,000, Above Poverty",0.0,0.0,0.09815463239748069,0,0,0.9018453676025193
35 - 44 Years,College Graduate,"<= $75,000, Above Poverty",0.0,0.0,0.25196195947979283,0,0,0.7480380405202072
35 - 44 Years,College Graduate,"> $75,000",1.0,1.0,0.9818414103832813,1,1,0.01815858961671868
18 - 34 Years,12 Years,Below Poverty,0.0,0.0,0.12806122665444827,0,0,0.8719387733455517
65+ Years,College Graduate,"<= $75,000, Above Poverty",0.0,0.0,0.4236151838921337,1,0,0.5763848161078663
55 - 64 Years,Some College,"> $75,000",0.0,0.0,0.3971743069039912,0,0,0.6028256930960088
18 - 34 Years,College Graduate,"<= $75,000, Above Poverty",0.0,0.0,0.3131660283720745,0,0,0.6868339716279255
45 - 54 Years,Some College,"<= $75,000, Above Poverty",0.0,0.0,0.5814286958546738,1,1,0.4185713041453262
18 - 34 Years,< 12 Years,Below Poverty,0.0,0.0,0.22081268620681324,0,1,0.7791873137931867
18 - 34 Years,Some College,"> $75,000",0.0,0.0,0.33146419268436467,0,0,0.6685358073156353
65+ Years,College Graduate,Below Poverty,0.0,0.0,0.3528851010163576,0,0,0.6471148989836424
65+ Years,College Graduate,"<= $75,000, Above Poverty",0.0,0.0,0.7097675132444761,1,0,0.29023248675552393
35 - 44 Years,< 12 Years,"<= $75,000, Above Poverty",0.0,1.0,0.42769951154873515,1,0,0.5723004884512648
65+ Years,College Graduate,"<= $75,000, Above Poverty",1.0,0.0,0.9184569243890041,1,1,0.08154307561099594
18 - 34 Years,College Graduate,"<= $75,000, Above Poverty",0.0,0.0,0.24981999469250862,0,0,0.7501800053074914
55 - 64 Years,College Graduate,"> $75,000",0.0,0.0,0.6241408938535956,1,0,0.3758591061464044
18 - 34 Years,Some College,"<= $75,000, Above Poverty",0.0,0.0,0.15186771973126464,0,0,0.8481322802687353
18 - 34 Years,College Graduate,"> $75,000",0.0,0.0,0.6410725291874253,1,1,0.3589274708125747
55 - 64 Years,College Graduate,"> $75,000",0.0,0.0,0.500963386358911,1,1,0.499036613641089
65+ Years,Some College,"<= $75,000, Above Poverty",0.0,0.0,0.2985694109302286,0,0,0.7014305890697714
45 - 54 Years,College Graduate,"> $75,000",1.0,1.0,0.9736970592790094,1,1,0.026302940720990597
65+ Years,< 12 Years,Below Poverty,0.0,0.0,0.2510655747530779,0,0,0.7489344252469221
55 - 64 Years,College Graduate,"<= $75,000, Above Poverty",0.0,0.0,0.3534885798702343,0,0,0.6465114201297657
35 - 44 Years,College Graduate,"<= $75,000, Above Poverty",0.0,1.0,0.5088089795497294,1,0,0.49119102045027063
35 - 44 Years,< 12 Years,"<= $75,000, Above Poverty",1.0,0.0,0.7799226179155221,1,0,0.2200773820844779
45 - 54 Years,< 12 Years,"<= $75,000, Above Poverty",0.0,0.0,0.14504798879003122,0,0,0.8549520112099688
18 - 34 Years,< 12 Years,Below Poverty,1.0,0.0,0.7512838723285296,1,0,0.24871612767147044
35 - 44 Years,College Graduate,"<= $75,000, Above Poverty",0.0,0.0,0.24394505372367806,0,0,0.756054946276322
45 - 54 Years,College Graduate,"> $75,000",0.0,0.0,0.6573215233451396,1,1,0.3426784766548604
55 - 64 Years,12 Years,"<= $75,000, Above Poverty",0.0,0.0,0.31643778993629196,0,1,0.683562210063708
65+ Years,12 Years,"> $75,000",0.0,0.0,0.2529072221741492,0,0,0.7470927778258508
45 - 54 Years,College Graduate,"> $75,000",0.0,0.0,0.31872372215217465,0,0,0.6812762778478254
55 - 64 Years,College Graduate,"> $75,000",1.0,0.0,0.7734203006592989,1,0,0.2265796993407011
18 - 34 Years,Some College,"<= $75,000, Above Poverty",0.0,0.0,0.1680407997725931,0,0,0.8319592002274069
18 - 34 Years,College Graduate,"<= $75,000, Above Poverty",0.0,0.0,0.5354857694234957,1,0,0.4645142305765043
55 - 64 Years,Some College,"<= $75,000, Above Poverty",1.0,0.0,0.7165695988498565,1,1,0.2834304011501435
18 - 34 Years,12 Years,Below Poverty,1.0,0.0,0.8356909625301342,1,1,0.1643090374698658
45 - 54 Years,College Graduate,"> $75,000",1.0,1.0,0.95967383390025,1,1,0.04032616609975004
65+ Years,Some College,"<= $75,000, Above Poverty",1.0,0.0,0.903948679220199,1,1,0.09605132077980105
65+ Years,12 Years,"<= $75,000, Above Poverty",0.0,0.0,0.2901033129939022,0,0,0.7098966870060979
35 - 44 Years,Some College,"<= $75,000, Above Poverty",0.0,0.0,0.25751673087490795,0,0,0.742483269125092
45 - 54 Years,College Graduate,"<= $75,000, Above Poverty",0.0,1.0,0.26039219975585876,0,0,0.7396078002441413
18 - 34 Years,12 Years,Below Poverty,0.0,0.0,0.25567077455086856,0,0,0.7443292254491314
35 - 44 Years,12 Years,"<= $75,000, Above Poverty",0.0,0.0,0.3017631002771764,0,0,0.6982368997228237
18 - 34 Years,College Graduate,"<= $75,000, Above Poverty",0.0,0.0,0.27930334914222915,0,1,0.7206966508577708
35 - 44 Years,Some College,"<= $75,000, Above Poverty",0.0,1.0,0.5519141221798813,1,0,0.44808587782011866
55 - 64 Years,College Graduate,"> $75,000",0.0,0.0,0.5872857388042022,1,0,0.4127142611957978
55 - 64 Years,12 Years,"<= $75,000, Above Poverty",0.0,0.0,0.2954136004518067,0,0,0.7045863995481934
35 - 44 Years,College Graduate,"> $75,000",1.0,0.0,0.6992009977315844,1,1,0.3007990022684156
18 - 34 Years,< 12 Years,"<= $75,000, Above Poverty",0.0,0.0,0.19112315342609032,0,0,0.8088768465739097
65+ Years,12 Years,"<= $75,000, Above Poverty",0.0,0.0,0.42346468461681236,1,0,0.5765353153831876
65+ Years,12 Years,"<= $75,000, Above Poverty",0.0,0.0,0.08106443248499948,0,0,0.9189355675150005
65+ Years,College Graduate,"<= $75,000, Above Poverty",0.0,0.0,0.3674016244915317,0,0,0.6325983755084683
65+ Years,College Graduate,"<= $75,000, Above Poverty",1.0,0.0,0.8793178327252307,1,0,0.12068216727476933
45 - 54 Years,College Graduate,"<= $75,000, Above Poverty",0.0,0.0,0.19373024365259542,0,0,0.8062697563474046
18 - 34 Years,< 12 Years,Below Poverty,0.0,0.0,0.2630417035256658,0,0,0.7369582964743342
45 - 54 Years,College Graduate,"> $75,000",0.0,0.0,0.30569545999558984,0,0,0.6943045400044101
55 - 64 Years,< 12 Years,"<= $75,000, Above Poverty",1.0,0.0,0.7259994795131661,1,0,0.2740005204868339
45 - 54 Years,Some College,"<= $75,000, Above Poverty",0.0,0.0,0.12600779295532663,0,0,0.8739922070446734
18 - 34 Years,College Graduate,"<= $75,000, Above Poverty",0.0,0.0,0.18627431790356774,0,0,0.8137256820964323
65+ Years,12 Years,Below Poverty,0.0,0.0,0.3982211076577812,0,0,0.6017788923422188
45 - 54 Years,12 Years,"> $75,000",0.0,0.0,0.24969196700561783,0,0,0.7503080329943822
55 - 64 Years,College Graduate,"> $75,000",0.0,0.0,0.47209823178748894,1,1,0.5279017682125111
65+ Years,12 Years,"<= $75,000, Above Poverty",0.0,0.0,0.331850357433404,0,0,0.668149642566596
45 - 54 Years,College Graduate,"<= $75,000, Above Poverty",1.0,0.0,0.7481799580647299,1,1,0.2518200419352701
35 - 44 Years,College Graduate,"> $75,000",0.0,0.0,0.1796087185904792,0,0,0.8203912814095208
45 - 54 Years,Some College,"<= $75,000, Above Poverty",0.0,0.0,0.16469608384398735,0,0,0.8353039161560126
65+ Years,Some College,"<= $75,000, Above Poverty",1.0,0.0,0.565059248875323,1,0,0.434940751124677
55 - 64 Years,12 Years,"<= $75,000, Above Poverty",0.0,0.0,0.08576708921257421,0,0,0.9142329107874257
45 - 54 Years,College Graduate,"<= $75,000, Above Poverty",0.0,0.0,0.42722459601180435,1,0,0.5727754039881956
65+ Years,12 Years,Below Poverty,0.0,0.0,0.369876326706683,0,0,0.630123673293317
55 - 64 Years,12 Years,"<= $75,000, Above Poverty",0.0,0.0,0.443221832049542,1,0,0.556778167950458
65+ Years,12 Years,"<= $75,000, Above Poverty",0.0,0.0,0.21118762396947266,0,1,0.7888123760305273
45 - 54 Years,College Graduate,"<= $75,000, Above Poverty",0.0,0.0,0.26985547380275676,0,0,0.7301445261972432
18 - 34 Years,Some College,"> $75,000",0.0,1.0,0.6865338506297443,1,0,0.31346614937025574
35 - 44 Years,Some College,"> $75,000",0.0,0.0,0.27075163691935134,0,0,0.7292483630806487
55 - 64 Years,College Graduate,"> $75,000",1.0,0.0,0.8745479434106657,1,1,0.12545205658933434
65+ Years,Some College,"<= $75,000, Above Poverty",1.0,0.0,0.8045510423063564,1,0,0.19544895769364357
65+ Years,College Graduate,"<= $75,000, Above Poverty",0.0,1.0,0.5753039710959436,1,0,0.42469602890405644
45 - 54 Years,College Graduate,"> $75,000",0.0,0.0,0.209359829415508,0,0,0.790640170584492
35 - 44 Years,Some College,"<= $75,000, Above Poverty",0.0,1.0,0.3896248809031778,0,0,0.6103751190968222
35 - 44 Years,Some College,"> $75,000",0.0,0.0,0.15390139298435365,0,0,0.8460986070156463
35 - 44 Years,College Graduate,"> $75,000",1.0,0.0,0.9333807809068035,1,1,0.06661921909319646
18 - 34 Years,College Graduate,"<= $75,000, Above Poverty",0.0,0.0,0.3200588284011514,0,0,0.6799411715988486
55 - 64 Years,College Graduate,"> $75,000",0.0,0.0,0.3529538101037627,0,0,0.6470461898962373
65+ Years,Some College,"> $75,000",0.0,0.0,0.3457567302221648,0,0,0.6542432697778352
65+ Years,12 Years,"<= $75,000, Above Poverty",0.0,0.0,0.1912390447920184,0,0,0.8087609552079816
65+ Years,College Graduate,"<= $75,000, Above Poverty",0.0,0.0,0.45121266938035187,1,0,0.5487873306196481
35 - 44 Years,12 Years,"> $75,000",0.0,0.0,0.41947752929517934,1,0,0.5805224707048207
55 - 64 Years,< 12 Years,"<= $75,000, Above Poverty",0.0,0.0,0.21699735406036771,0,1,0.7830026459396323
65+ Years,12 Years,"<= $75,000, Above Poverty",0.0,0.0,0.16600242013136823,0,0,0.8339975798686318
45 - 54 Years,Some College,Below Poverty,0.0,0.0,0.028162462097601072,0,0,0.9718375379023989
55 - 64 Years,College Graduate,"<= $75,000, Above Poverty",0.0,0.0,0.09761085112997887,0,0,0.9023891488700211
65+ Years,College Graduate,"<= $75,000, Above Poverty",1.0,0.0,0.7235504252074604,1,1,0.2764495747925396
18 - 34 Years,College Graduate,"<= $75,000, Above Poverty",1.0,0.0,0.719622714973734,1,1,0.280377285026266
18 - 34 Years,College Graduate,"> $75,000",0.0,0.0,0.4968708230529324,1,0,0.5031291769470676
18 - 34 Years,College Graduate,"> $75,000",1.0,1.0,0.9657964616310011,1,1,0.03420353836899892
18 - 34 Years,Some College,"> $75,000",1.0,0.0,0.868819317325607,1,0,0.13118068267439298
45 - 54 Years,< 12 Years,Below Poverty,0.0,0.0,0.11736547536067558,0,0,0.8826345246393245
65+ Years,College Graduate,"> $75,000",0.0,0.0,0.2949082181358715,0,0,0.7050917818641285
65+ Years,College Graduate,"> $75,000",1.0,0.0,0.9336027552803408,1,1,0.06639724471965924
65+ Years,College Graduate,"<= $75,000, Above Poverty",1.0,0.0,0.7725459366832771,1,1,0.2274540633167229
55 - 64 Years,Some College,"<= $75,000, Above Poverty",0.0,0.0,0.1614718557270907,0,0,0.8385281442729093
45 - 54 Years,College Graduate,"<= $75,000, Above Poverty",0.0,1.0,0.8195259962610283,1,0,0.1804740037389717
35 - 44 Years,12 Years,"<= $75,000, Above Poverty",0.0,0.0,0.16114481299784747,0,0,0.8388551870021526
35 - 44 Years,College Graduate,"<= $75,000, Above Poverty",1.0,1.0,0.9275589313257323,1,0,0.0724410686742677
45 - 54 Years,Some College,Below Poverty,0.0,0.0,0.07658422913909395,0,0,0.9234157708609061
45 - 54 Years,Some College,"<= $75,000, Above Poverty",0.0,0.0,0.22227377794942982,0,0,0.7777262220505702
65+ Years,College Graduate,"<= $75,000, Above Poverty",1.0,0.0,0.8627634330441736,1,0,0.13723656695582642
55 - 64 Years,College Graduate,"<= $75,000, Above Poverty",0.0,0.0,0.4728267935539901,1,0,0.52717320644601
18 - 34 Years,12 Years,"<= $75,000, Above Poverty",0.0,1.0,0.3502322835021654,0,0,0.6497677164978346
45 - 54 Years,College Graduate,"<= $75,000, Above Poverty",0.0,0.0,0.2503489651178473,0,0,0.7496510348821527
65+ Years,Some College,"<= $75,000, Above Poverty",0.0,0.0,0.2472610246816417,0,0,0.7527389753183583
65+ Years,12 Years,"<= $75,000, Above Poverty",0.0,0.0,0.19820216928085918,0,0,0.8017978307191408
65+ Years,College Graduate,"<= $75,000, Above Poverty",0.0,0.0,0.506788979434609,1,0,0.493211020565391
55 - 64 Years,College Graduate,"<= $75,000, Above Poverty",0.0,0.0,0.3741528958628987,0,0,0.6258471041371013
45 - 54 Years,College Graduate,"<= $75,000, Above Poverty",0.0,0.0,0.2039480234845159,0,0,0.7960519765154841
55 - 64 Years,College Graduate,"> $75,000",0.0,0.0,0.2936181537872036,0,0,0.7063818462127964
65+ Years,Some College,"<= $75,000, Above Poverty",0.0,0.0,0.18358816784174564,0,0,0.8164118321582543
55 - 64 Years,Some College,"<= $75,000, Above Poverty",1.0,0.0,0.9495687700782024,1,1,0.050431229921797605
18 - 34 Years,Some College,"<= $75,000, Above Poverty",1.0,0.0,0.6601670403959099,1,0,0.3398329596040901
65+ Years,12 Years,"<= $75,000, Above Poverty",0.0,0.0,0.38175597570998776,0,0,0.6182440242900122
45 - 54 Years,College Graduate,"<= $75,000, Above Poverty",0.0,0.0,0.15014861903882906,0,0,0.849851380961171
18 - 34 Years,Some College,"<= $75,000, Above Poverty",0.0,0.0,0.050550467204047246,0,0,0.9494495327959528
18 - 34 Years,12 Years,"<= $75,000, Above Poverty",0.0,1.0,0.39824097960178334,0,0,0.6017590203982166
45 - 54 Years,College Graduate,"> $75,000",0.0,1.0,0.5314017477105774,1,0,0.46859825228942265
55 - 64 Years,< 12 Years,"<= $75,000, Above Poverty",0.0,0.0,0.025605934865997274,0,0,0.9743940651340027
55 - 64 Years,Some College,"<= $75,000, Above Poverty",0.0,0.0,0.35449841175392544,0,0,0.6455015882460746
18 - 34 Years,12 Years,"> $75,000",0.0,1.0,0.5789774700497867,1,1,0.4210225299502133
45 - 54 Years,Some College,"<= $75,000, Above Poverty",0.0,0.0,0.05153264307179923,0,0,0.9484673569282007
35 - 44 Years,College Graduate,"<= $75,000, Above Poverty",0.0,0.0,0.24745245107494976,0,0,0.7525475489250503
65+ Years,< 12 Years,"<= $75,000, Above Poverty",1.0,0.0,0.73887836028488,1,0,0.26112163971512004
65+ Years,College Graduate,"> $75,000",0.0,0.0,0.3622852053277065,0,0,0.6377147946722934
45 - 54 Years,Some College,"> $75,000",0.0,0.0,0.11466281733036358,0,0,0.8853371826696365
45 - 54 Years,12 Years,"> $75,000",0.0,0.0,0.13362245629027442,0,0,0.8663775437097256
65+ Years,College Graduate,"<= $75,000, Above Poverty",0.0,0.0,0.7181641136664947,1,0,0.2818358863335053
35 - 44 Years,College Graduate,"<= $75,000, Above Poverty",0.0,0.0,0.38547242584677527,0,0,0.6145275741532248
45 - 54 Years,12 Years,Below Poverty,1.0,0.0,0.7824816848583984,1,1,0.21751831514160158
65+ Years,Some College,"<= $75,000, Above Poverty",0.0,0.0,0.4290336606248823,1,0,0.5709663393751176
65+ Years,12 Years,Below Poverty,0.0,0.0,0.36305353523515915,0,0,0.6369464647648408
18 - 34 Years,College Graduate,"<= $75,000, Above Poverty",1.0,0.0,0.6860046052468072,1,0,0.3139953947531928
35 - 44 Years,College Graduate,"> $75,000",1.0,1.0,0.8910352685584904,1,0,0.10896473144150964
35 - 44 Years,Some College,"<= $75,000, Above Poverty",0.0,0.0,0.34625420950344665,0,0,0.6537457904965533
18 - 34 Years,Some College,"<= $75,000, Above Poverty",0.0,0.0,0.45318649391733906,1,0,0.5468135060826609
65+ Years,12 Years,"<= $75,000, Above Poverty",0.0,0.0,0.17403257724036447,0,0,0.8259674227596355
18 - 34 Years,College Graduate,"> $75,000",0.0,0.0,0.8157331074662795,1,0,0.18426689253372053
35 - 44 Years,Some College,"> $75,000",0.0,0.0,0.2668870401307559,0,0,0.7331129598692441
55 - 64 Years,College Graduate,"<= $75,000, Above Poverty",1.0,0.0,0.6204755620425935,1,1,0.37952443795740654
65+ Years,College Graduate,"> $75,000",1.0,1.0,0.9787831915940792,1,1,0.021216808405920773
65+ Years,Some College,"<= $75,000, Above Poverty",0.0,0.0,0.14090731798213302,0,0,0.859092682017867
18 - 34 Years,College Graduate,"> $75,000",0.0,0.0,0.18656617301767423,0,0,0.8134338269823258
35 - 44 Years,College Graduate,"> $75,000",0.0,0.0,0.5345457559289655,1,0,0.46545424407103453
18 - 34 Years,College Graduate,"<= $75,000, Above Poverty",1.0,0.0,0.7840724095870077,1,0,0.21592759041299225
65+ Years,Some College,"<= $75,000, Above Poverty",0.0,1.0,0.40175065434978857,1,1,0.5982493456502114
65+ Years,12 Years,"<= $75,000, Above Poverty",1.0,0.0,0.8369944117111688,1,1,0.16300558828883116
35 - 44 Years,12 Years,"<= $75,000, Above Poverty",0.0,0.0,0.23685685850016117,0,0,0.7631431414998389
18 - 34 Years,College Graduate,"> $75,000",0.0,0.0,0.6308880043300902,1,0,0.3691119956699098
35 - 44 Years,12 Years,"> $75,000",0.0,0.0,0.3279852370548464,0,0,0.6720147629451536
65+ Years,12 Years,"<= $75,000, Above Poverty",0.0,0.0,0.6906814834157552,1,0,0.3093185165842448
35 - 44 Years,12 Years,Below Poverty,0.0,0.0,0.21070791848035209,0,0,0.7892920815196479
55 - 64 Years,College Graduate,"<= $75,000, Above Poverty",0.0,0.0,0.3602012519570991,0,0,0.6397987480429008
55 - 64 Years,Some College,"<= $75,000, Above Poverty",0.0,0.0,0.25163947616168536,0,0,0.7483605238383146
65+ Years,12 Years,"<= $75,000, Above Poverty",0.0,0.0,0.44094622147288864,1,0,0.5590537785271114
55 - 64 Years,College Graduate,"<= $75,000, Above Poverty",0.0,0.0,0.4985352013092512,1,0,0.5014647986907488
35 - 44 Years,College Graduate,"> $75,000",0.0,0.0,0.30998060446567094,0,0,0.690019395534329
45 - 54 Years,Some College,"> $75,000",0.0,0.0,0.09019479556933391,0,0,0.9098052044306661
18 - 34 Years,12 Years,"<= $75,000, Above Poverty",0.0,0.0,0.26423722951453804,0,0,0.7357627704854619
45 - 54 Years,College Graduate,"<= $75,000, Above Poverty",0.0,0.0,0.26181247117240686,0,0,0.7381875288275932
35 - 44 Years,College Graduate,"<= $75,000, Above Poverty",0.0,0.0,0.1552155147470085,0,1,0.8447844852529915
45 - 54 Years,Some College,"> $75,000",0.0,0.0,0.3314294121541839,0,0,0.6685705878458161
45 - 54 Years,< 12 Years,"> $75,000",0.0,0.0,0.40981825091104823,1,0,0.5901817490889518
65+ Years,College Graduate,"<= $75,000, Above Poverty",0.0,0.0,0.22365297014275168,0,0,0.7763470298572483
65+ Years,< 12 Years,"<= $75,000, Above Poverty",0.0,0.0,0.1461791333442142,0,0,0.8538208666557858
55 - 64 Years,Some College,Below Poverty,0.0,0.0,0.23656249190759807,0,0,0.763437508092402
65+ Years,Some College,"<= $75,000, Above Poverty",1.0,0.0,0.723161884842031,1,1,0.27683811515796897
35 - 44 Years,Some College,"> $75,000",0.0,0.0,0.23351901203673678,0,0,0.7664809879632632
18 - 34 Years,< 12 Years,"<= $75,000, Above Poverty",0.0,0.0,0.08836213586856065,0,0,0.9116378641314393
18 - 34 Years,12 Years,"<= $75,000, Above Poverty",0.0,0.0,0.024784568156920782,0,0,0.9752154318430792
45 - 54 Years,Some College,"<= $75,000, Above Poverty",0.0,0.0,0.22296459514435857,0,0,0.7770354048556414
55 - 64 Years,College Graduate,"<= $75,000, Above Poverty",0.0,0.0,0.31476582475802595,0,0,0.685234175241974
45 - 54 Years,12 Years,"<= $75,000, Above Poverty",1.0,0.0,0.7272189647945669,1,1,0.27278103520543306
35 - 44 Years,12 Years,"<= $75,000, Above Poverty",0.0,0.0,0.2648082652806218,0,0,0.7351917347193782
35 - 44 Years,< 12 Years,Below Poverty,1.0,0.0,0.7567872545290381,1,0,0.24321274547096194
45 - 54 Years,College Graduate,"<= $75,000, Above Poverty",0.0,0.0,0.6855884293171219,1,0,0.31441157068287806
55 - 64 Years,College Graduate,"> $75,000",0.0,0.0,0.5563850626848118,1,0,0.4436149373151882
55 - 64 Years,12 Years,"<= $75,000, Above Poverty",1.0,0.0,0.694680442279423,1,1,0.30531955772057695
65+ Years,Some College,"> $75,000",0.0,0.0,0.2194912476170235,0,0,0.7805087523829766
55 - 64 Years,College Graduate,"<= $75,000, Above Poverty",0.0,0.0,0.4021009115552117,1,0,0.5978990884447883
18 - 34 Years,College Graduate,"<= $75,000, Above Poverty",0.0,0.0,0.49225855699054977,1,0,0.5077414430094502
18 - 34 Years,College Graduate,"<= $75,000, Above Poverty",1.0,0.0,0.8795928880682055,1,0,0.12040711193179454
18 - 34 Years,College Graduate,"<= $75,000, Above Poverty",0.0,0.0,0.36375667621466673,0,1,0.6362433237853333
35 - 44 Years,12 Years,Below Poverty,0.0,1.0,0.5229169463836035,1,0,0.47708305361639647
18 - 34 Years,College Graduate,"> $75,000",1.0,0.0,0.8091550725906128,1,0,0.1908449274093872
18 - 34 Years,College Graduate,"> $75,000",0.0,0.0,0.6061955693231879,1,1,0.39380443067681214
45 - 54 Years,College Graduate,"> $75,000",0.0,0.0,0.5621719966198713,1,0,0.4378280033801287
45 - 54 Years,Some College,"<= $75,000, Above Poverty",0.0,0.0,0.3626109653138579,0,1,0.6373890346861422
55 - 64 Years,< 12 Years,"<= $75,000, Above Poverty",0.0,1.0,0.305145508923727,0,0,0.6948544910762731
35 - 44 Years,College Graduate,"<= $75,000, Above Poverty",0.0,0.0,0.178912372101945,0,0,0.821087627898055
35 - 44 Years,College Graduate,"<= $75,000, Above Poverty",0.0,0.0,0.24645021824803856,0,0,0.7535497817519614
45 - 54 Years,12 Years,"<= $75,000, Above Poverty",0.0,0.0,0.3457001409095729,0,0,0.6542998590904271
18 - 34 Years,Some College,"> $75,000",0.0,0.0,0.30938266781576207,0,0,0.6906173321842379
18 - 34 Years,College Graduate,"> $75,000",0.0,0.0,0.41246383910407725,1,0,0.5875361608959228
65+ Years,College Graduate,"> $75,000",0.0,0.0,0.2803358369735319,0,0,0.7196641630264681
45 - 54 Years,College Graduate,"> $75,000",0.0,1.0,0.7905761038858299,1,1,0.20942389611417012
35 - 44 Years,Some College,"<= $75,000, Above Poverty",1.0,1.0,0.9379689061419167,1,1,0.06203109385808325
55 - 64 Years,College Graduate,"<= $75,000, Above Poverty",0.0,0.0,0.3381663510398521,0,0,0.661833648960148
45 - 54 Years,College Graduate,"<= $75,000, Above Poverty",0.0,0.0,0.07619258011092012,0,0,0.9238074198890799
65+ Years,Some College,"<= $75,000, Above Poverty",0.0,0.0,0.13271722719691642,0,0,0.8672827728030836
18 - 34 Years,Some College,"<= $75,000, Above Poverty",1.0,0.0,0.8638852297335502,1,1,0.1361147702664498
65+ Years,12 Years,"<= $75,000, Above Poverty",0.0,0.0,0.24420269860571725,0,0,0.7557973013942827
55 - 64 Years,Some College,"<= $75,000, Above Poverty",0.0,0.0,0.490677646286568,1,1,0.5093223537134319
55 - 64 Years,12 Years,"<= $75,000, Above Poverty",0.0,0.0,0.08106967984021989,0,0,0.9189303201597802
18 - 34 Years,12 Years,"<= $75,000, Above Poverty",0.0,0.0,0.22517012850323492,0,0,0.7748298714967651
18 - 34 Years,< 12 Years,"> $75,000",0.0,0.0,0.03435737518562239,0,0,0.9656426248143776
35 - 44 Years,Some College,"<= $75,000, Above Poverty",1.0,1.0,0.8213231762586146,1,1,0.17867682374138538
18 - 34 Years,College Graduate,"<= $75,000, Above Poverty",0.0,1.0,0.7702880438260995,1,0,0.2297119561739005
45 - 54 Years,College Graduate,"<= $75,000, Above Poverty",1.0,0.0,0.8890371690669708,1,0,0.11096283093302917
65+ Years,Some College,"> $75,000",0.0,0.0,0.3241229413871286,0,0,0.6758770586128714
18 - 34 Years,Some College,"> $75,000",0.0,0.0,0.4633653904092215,1,0,0.5366346095907786
65+ Years,12 Years,"<= $75,000, Above Poverty",0.0,0.0,0.19771077417817112,0,0,0.8022892258218288
45 - 54 Years,College Graduate,"> $75,000",1.0,0.0,0.8360897823213681,1,0,0.1639102176786319
18 - 34 Years,College Graduate,"<= $75,000, Above Poverty",0.0,1.0,0.5554180907175401,1,0,0.4445819092824599
35 - 44 Years,College Graduate,"<= $75,000, Above Poverty",0.0,1.0,0.534378852114691,1,0,0.46562114788530895
35 - 44 Years,College Graduate,"<= $75,000, Above Poverty",0.0,0.0,0.1988393631396091,0,0,0.801160636860391
35 - 44 Years,College Graduate,"> $75,000",0.0,0.0,0.5960022317065455,1,0,0.40399776829345446
65+ Years,12 Years,"<= $75,000, Above Poverty",0.0,0.0,0.27251576999532184,0,0,0.7274842300046782
65+ Years,Some College,"<= $75,000, Above Poverty",0.0,0.0,0.20219265196820863,0,0,0.7978073480317913
45 - 54 Years,College Graduate,"<= $75,000, Above Poverty",0.0,0.0,0.14819250433958628,0,0,0.8518074956604137
65+ Years,Some College,"<= $75,000, Above Poverty",0.0,0.0,0.21196209693896115,0,0,0.7880379030610388
35 - 44 Years,College Graduate,"<= $75,000, Above Poverty",0.0,0.0,0.3900651895994145,0,0,0.6099348104005855
45 - 54 Years,12 Years,"<= $75,000, Above Poverty",0.0,0.0,0.5145106822511117,1,0,0.48548931774888826
18 - 34 Years,Some College,"<= $75,000, Above Poverty",0.0,0.0,0.11159907179603941,0,0,0.8884009282039605
65+ Years,Some College,"<= $75,000, Above Poverty",0.0,1.0,0.7019085076253235,1,1,0.29809149237467647
55 - 64 Years,College Graduate,"<= $75,000, Above Poverty",0.0,0.0,0.2601442576966686,0,1,0.7398557423033314
45 - 54 Years,Some College,"<= $75,000, Above Poverty",0.0,0.0,0.07384742244714766,0,0,0.9261525775528523
65+ Years,College Graduate,"> $75,000",1.0,1.0,0.9494627534816736,1,1,0.05053724651832636
65+ Years,College Graduate,"<= $75,000, Above Poverty",0.0,0.0,0.13070811863364723,0,0,0.8692918813663528
65+ Years,College Graduate,"<= $75,000, Above Poverty",0.0,0.0,0.55528435507013,1,0,0.44471564492987004
55 - 64 Years,Some College,Below Poverty,1.0,0.0,0.8416705902166963,1,0,0.15832940978330368
18 - 34 Years,College Graduate,"<= $75,000, Above Poverty",0.0,1.0,0.4389715670984487,1,0,0.5610284329015514
55 - 64 Years,College Graduate,"<= $75,000, Above Poverty",1.0,0.0,0.7604611354108225,1,0,0.2395388645891775
18 - 34 Years,Some College,"> $75,000",0.0,0.0,0.3091253031115122,0,1,0.6908746968884878
18 - 34 Years,College Graduate,"<= $75,000, Above Poverty",0.0,0.0,0.37090899828477186,0,0,0.6290910017152281
55 - 64 Years,College Graduate,"> $75,000",1.0,0.0,0.8805086170376193,1,0,0.11949138296238071
35 - 44 Years,College Graduate,"> $75,000",0.0,0.0,0.37966553592958896,0,0,0.620334464070411
18 - 34 Years,Some College,"> $75,000",0.0,0.0,0.4148467298260507,1,0,0.5851532701739492
55 - 64 Years,College Graduate,"<= $75,000, Above Poverty",0.0,0.0,0.1723148684747325,0,0,0.8276851315252675
18 - 34 Years,Some College,"<= $75,000, Above Poverty",1.0,0.0,0.5284494855649122,1,0,0.4715505144350878
35 - 44 Years,College Graduate,"> $75,000",1.0,0.0,0.607691640308237,1,0,0.39230835969176303
35 - 44 Years,Some College,"<= $75,000, Above Poverty",0.0,1.0,0.8383542363150829,1,1,0.16164576368491712
65+ Years,College Graduate,"> $75,000",1.0,0.0,0.8383184170152123,1,1,0.16168158298478774
18 - 34 Years,12 Years,"<= $75,000, Above Poverty",1.0,0.0,0.6427506374564614,1,1,0.35724936254353856
55 - 64 Years,College Graduate,"> $75,000",0.0,0.0,0.5440994661268008,1,0,0.4559005338731992
18 - 34 Years,Some College,"<= $75,000, Above Poverty",1.0,0.0,0.4216674638996434,1,0,0.5783325361003566
18 - 34 Years,College Graduate,"<= $75,000, Above Poverty",1.0,0.0,0.6394669924171087,1,1,0.3605330075828913
65+ Years,Some College,"<= $75,000, Above Poverty",0.0,0.0,0.3269202696078339,0,0,0.6730797303921661
45 - 54 Years,12 Years,"> $75,000",0.0,0.0,0.20533737927258716,0,0,0.7946626207274128
55 - 64 Years,College Graduate,"<= $75,000, Above Poverty",1.0,0.0,0.7623293446455175,1,1,0.2376706553544825
45 - 54 Years,12 Years,"> $75,000",0.0,0.0,0.3542953416647911,0,0,0.6457046583352088
45 - 54 Years,12 Years,"<= $75,000, Above Poverty",0.0,0.0,0.2601532955011003,0,0,0.7398467044988997
65+ Years,College Graduate,"<= $75,000, Above Poverty",0.0,0.0,0.41389079763334363,1,0,0.5861092023666563
55 - 64 Years,College Graduate,"<= $75,000, Above Poverty",0.0,0.0,0.30809949991069197,0,0,0.691900500089308
65+ Years,Some College,"> $75,000",1.0,0.0,0.6933876568979903,1,1,0.3066123431020097
65+ Years,College Graduate,"<= $75,000, Above Poverty",0.0,0.0,0.43245785374143575,1,0,0.5675421462585643
18 - 34 Years,Some College,"<= $75,000, Above Poverty",0.0,0.0,0.21634493359974613,0,0,0.7836550664002538
65+ Years,College Graduate,"> $75,000",0.0,0.0,0.2282385915495583,0,0,0.7717614084504417
35 - 44 Years,College Graduate,"<= $75,000, Above Poverty",0.0,0.0,0.1639321127400818,0,0,0.8360678872599182
18 - 34 Years,< 12 Years,"<= $75,000, Above Poverty",0.0,0.0,0.11235568857972153,0,0,0.8876443114202784
65+ Years,Some College,"<= $75,000, Above Poverty",0.0,0.0,0.21291519573418075,0,0,0.7870848042658193
18 - 34 Years,College Graduate,"<= $75,000, Above Poverty",1.0,0.0,0.7947811125848038,1,1,0.20521888741519623
55 - 64 Years,Some College,"<= $75,000, Above Poverty",0.0,0.0,0.20040284747404782,0,0,0.7995971525259522
65+ Years,12 Years,"<= $75,000, Above Poverty",0.0,0.0,0.5381883650423649,1,0,0.4618116349576351
35 - 44 Years,12 Years,"> $75,000",0.0,0.0,0.2127290442259875,0,0,0.7872709557740125
18 - 34 Years,Some College,"<= $75,000, Above Poverty",0.0,0.0,0.05602683730006381,0,0,0.9439731626999361
35 - 44 Years,12 Years,"<= $75,000, Above Poverty",0.0,0.0,0.3380616346852791,0,0,0.6619383653147208
18 - 34 Years,< 12 Years,"<= $75,000, Above Poverty",0.0,0.0,0.18243752736385485,0,0,0.8175624726361451
18 - 34 Years,Some College,Below Poverty,0.0,0.0,0.7065361734296358,1,0,0.2934638265703642
55 - 64 Years,College Graduate,"<= $75,000, Above Poverty",0.0,1.0,0.6125200845304641,1,0,0.38747991546953586
18 - 34 Years,College Graduate,"<= $75,000, Above Poverty",0.0,1.0,0.6641336383648706,1,0,0.3358663616351294
65+ Years,12 Years,"<= $75,000, Above Poverty",1.0,0.0,0.7999488439606283,1,0,0.20005115603937174
55 - 64 Years,College Graduate,"<= $75,000, Above Poverty",0.0,1.0,0.501571814805293,1,1,0.498428185194707
55 - 64 Years,College Graduate,"> $75,000",0.0,0.0,0.36352626674788646,0,0,0.6364737332521135
55 - 64 Years,< 12 Years,"<= $75,000, Above Poverty",1.0,0.0,0.8813675178882334,1,1,0.11863248211176658
65+ Years,12 Years,"<= $75,000, Above Poverty",1.0,0.0,0.5691069572730285,1,1,0.4308930427269715
18 - 34 Years,< 12 Years,Below Poverty,0.0,0.0,0.425815139970298,1,0,0.5741848600297019
18 - 34 Years,College Graduate,"> $75,000",0.0,0.0,0.4823033341616325,1,0,0.5176966658383675
35 - 44 Years,12 Years,Below Poverty,0.0,0.0,0.2811006508500239,0,0,0.7188993491499761
55 - 64 Years,College Graduate,"> $75,000",1.0,0.0,0.8013141455973538,1,1,0.1986858544026462
45 - 54 Years,< 12 Years,Below Poverty,0.0,0.0,0.4103162937641241,1,0,0.589683706235876
35 - 44 Years,College Graduate,"<= $75,000, Above Poverty",0.0,1.0,0.3549267119149303,0,0,0.6450732880850697
65+ Years,Some College,"<= $75,000, Above Poverty",0.0,0.0,0.13893853730315994,0,0,0.86106146269684
18 - 34 Years,12 Years,"<= $75,000, Above Poverty",0.0,0.0,0.19487560539962331,0,0,0.8051243946003767
55 - 64 Years,12 Years,"<= $75,000, Above Poverty",0.0,0.0,0.3290172489420816,0,1,0.6709827510579184
18 - 34 Years,Some College,"<= $75,000, Above Poverty",1.0,0.0,0.44171022089537604,1,0,0.558289779104624
65+ Years,12 Years,"<= $75,000, Above Poverty",0.0,0.0,0.4750473037959606,1,0,0.5249526962040394
55 - 64 Years,College Graduate,"> $75,000",0.0,0.0,0.5417461632707841,1,0,0.45825383672921594
45 - 54 Years,College Graduate,"> $75,000",1.0,0.0,0.7229933529174923,1,0,0.27700664708250766
55 - 64 Years,12 Years,"<= $75,000, Above Poverty",0.0,0.0,0.22757039600031356,0,0,0.7724296039996864
55 - 64 Years,College Graduate,"<= $75,000, Above Poverty",0.0,1.0,0.7723677273212903,1,0,0.22763227267870967
65+ Years,Some College,"> $75,000",0.0,0.0,0.38841478748233405,0,1,0.611585212517666
35 - 44 Years,College Graduate,"> $75,000",0.0,0.0,0.20736524842362294,0,0,0.7926347515763771
35 - 44 Years,Some College,"<= $75,000, Above Poverty",0.0,1.0,0.4811778916388112,1,0,0.5188221083611888
65+ Years,12 Years,"<= $75,000, Above Poverty",0.0,0.0,0.40832572083057456,1,0,0.5916742791694254
55 - 64 Years,Some College,"> $75,000",1.0,0.0,0.6190484203947663,1,0,0.38095157960523374
65+ Years,Some College,"<= $75,000, Above Poverty",0.0,0.0,0.3915399514852081,0,0,0.608460048514792
18 - 34 Years,Some College,"<= $75,000, Above Poverty",0.0,0.0,0.19511445802671976,0,0,0.8048855419732802
55 - 64 Years,College Graduate,"> $75,000",0.0,0.0,0.5353266277760125,1,0,0.4646733722239875
65+ Years,Some College,"<= $75,000, Above Poverty",0.0,1.0,0.7005208294077098,1,0,0.29947917059229023
18 - 34 Years,Some College,"<= $75,000, Above Poverty",0.0,0.0,0.26239809118395546,0,1,0.7376019088160446
18 - 34 Years,College Graduate,"> $75,000",0.0,1.0,0.7658541847254005,1,0,0.23414581527459954
45 - 54 Years,College Graduate,"> $75,000",0.0,0.0,0.3776195245864812,0,0,0.6223804754135188
18 - 34 Years,College Graduate,"<= $75,000, Above Poverty",1.0,0.0,0.8002465817598762,1,0,0.19975341824012383
45 - 54 Years,College Graduate,"> $75,000",0.0,1.0,0.6913772115176138,1,1,0.3086227884823862
65+ Years,College Graduate,"<= $75,000, Above Poverty",0.0,0.0,0.26168531978168874,0,0,0.7383146802183113
65+ Years,Some College,"<= $75,000, Above Poverty",0.0,0.0,0.3528337725757384,0,0,0.6471662274242616
35 - 44 Years,College Graduate,"<= $75,000, Above Poverty",0.0,0.0,0.38965130214589155,0,0,0.6103486978541084
18 - 34 Years,Some College,"<= $75,000, Above Poverty",0.0,0.0,0.21698817873603352,0,0,0.7830118212639665
45 - 54 Years,College Graduate,"> $75,000",0.0,0.0,0.21186492425492004,0,0,0.78813507574508
18 - 34 Years,Some College,"<= $75,000, Above Poverty",1.0,0.0,0.7486610764840932,1,0,0.2513389235159068
35 - 44 Years,Some College,"<= $75,000, Above Poverty",0.0,0.0,0.3044641185329506,0,0,0.6955358814670494
65+ Years,Some College,"<= $75,000, Above Poverty",1.0,0.0,0.8717760626699838,1,1,0.12822393733001625
65+ Years,College Graduate,"> $75,000",0.0,0.0,0.3165969457788407,0,0,0.6834030542211593
45 - 54 Years,College Graduate,"> $75,000",0.0,0.0,0.29900204226478955,0,0,0.7009979577352105
18 - 34 Years,Some College,Below Poverty,0.0,0.0,0.25748024833824573,0,0,0.7425197516617543
18 - 34 Years,College Graduate,"<= $75,000, Above Poverty",0.0,0.0,0.15839336543853053,0,1,0.8416066345614694
65+ Years,< 12 Years,"<= $75,000, Above Poverty",0.0,0.0,0.473316140788431,1,0,0.526683859211569
55 - 64 Years,College Graduate,"> $75,000",0.0,1.0,0.7724537707959858,1,1,0.22754622920401424
45 - 54 Years,Some College,"<= $75,000, Above Poverty",0.0,0.0,0.17622779921599346,0,0,0.8237722007840065
35 - 44 Years,College Graduate,"> $75,000",1.0,0.0,0.8443644485740878,1,1,0.15563555142591223
65+ Years,Some College,"> $75,000",0.0,0.0,0.451316613490271,1,1,0.5486833865097289
18 - 34 Years,< 12 Years,Below Poverty,0.0,0.0,0.14280378107984815,0,0,0.8571962189201519
35 - 44 Years,College Graduate,"> $75,000",0.0,0.0,0.24867574613386392,0,0,0.7513242538661361
18 - 34 Years,12 Years,"<= $75,000, Above Poverty",0.0,0.0,0.08617557006550564,0,0,0.9138244299344944
55 - 64 Years,College Graduate,"<= $75,000, Above Poverty",1.0,0.0,0.8257717573817114,1,1,0.17422824261828862
45 - 54 Years,Some College,"<= $75,000, Above Poverty",0.0,0.0,0.17195127991065362,0,0,0.8280487200893464
45 - 54 Years,College Graduate,"> $75,000",0.0,0.0,0.3247684127745801,0,0,0.67523158722542
55 - 64 Years,College Graduate,"<= $75,000, Above Poverty",0.0,1.0,0.315628074619327,0,0,0.684371925380673
55 - 64 Years,Some College,"<= $75,000, Above Poverty",0.0,0.0,0.31795805013283,0,0,0.6820419498671699
18 - 34 Years,College Graduate,"<= $75,000, Above Poverty",1.0,0.0,0.7499859748776891,1,0,0.25001402512231086
35 - 44 Years,College Graduate,"> $75,000",0.0,1.0,0.8669511794256839,1,1,0.1330488205743161
45 - 54 Years,12 Years,"<= $75,000, Above Poverty",0.0,0.0,0.08038357167400202,0,0,0.919616428325998
35 - 44 Years,College Graduate,"<= $75,000, Above Poverty",0.0,0.0,0.21854607574694074,0,0,0.7814539242530593
65+ Years,Some College,"> $75,000",0.0,0.0,0.4121364572953373,1,1,0.5878635427046627
65+ Years,College Graduate,"> $75,000",0.0,0.0,0.4967361498879161,1,0,0.5032638501120839
65+ Years,< 12 Years,"<= $75,000, Above Poverty",0.0,0.0,0.02707363353454368,0,0,0.9729263664654563
65+ Years,Some College,"<= $75,000, Above Poverty",1.0,0.0,0.7859364027269183,1,1,0.21406359727308166
55 - 64 Years,College Graduate,"> $75,000",0.0,0.0,0.29056094616948586,0,1,0.7094390538305142
55 - 64 Years,12 Years,Below Poverty,0.0,0.0,0.4550927801119713,1,1,0.5449072198880287
55 - 64 Years,Some College,"<= $75,000, Above Poverty",0.0,0.0,0.3981483976206424,0,0,0.6018516023793576
45 - 54 Years,12 Years,"<= $75,000, Above Poverty",0.0,0.0,0.12922985208503052,0,0,0.8707701479149694
45 - 54 Years,Some College,"<= $75,000, Above Poverty",0.0,0.0,0.4668693857486529,1,0,0.5331306142513471
45 - 54 Years,12 Years,"<= $75,000, Above Poverty",0.0,0.0,0.35479990780874743,0,1,0.6452000921912526
65+ Years,College Graduate,"> $75,000",0.0,1.0,0.564402193324474,1,1,0.43559780667552594
18 - 34 Years,College Graduate,"<= $75,000, Above Poverty",0.0,0.0,0.21503314517376257,0,0,0.7849668548262374
65+ Years,< 12 Years,"<= $75,000, Above Poverty",0.0,0.0,0.3544100480932985,0,0,0.6455899519067014
45 - 54 Years,< 12 Years,"<= $75,000, Above Poverty",0.0,0.0,0.2806183372168027,0,0,0.7193816627831973
18 - 34 Years,College Graduate,"> $75,000",1.0,0.0,0.6671202725287866,1,0,0.3328797274712134
55 - 64 Years,College Graduate,"<= $75,000, Above Poverty",0.0,0.0,0.37252575756173906,0,0,0.6274742424382609
55 - 64 Years,< 12 Years,"> $75,000",0.0,0.0,0.04780725134326665,0,0,0.9521927486567333
65+ Years,Some College,"<= $75,000, Above Poverty",0.0,0.0,0.13561909790350096,0,0,0.864380902096499
65+ Years,< 12 Years,"<= $75,000, Above Poverty",0.0,0.0,0.24414556650058783,0,1,0.7558544334994122
55 - 64 Years,College Graduate,"<= $75,000, Above Poverty",1.0,0.0,0.7557693762725021,1,0,0.24423062372749793
55 - 64 Years,College Graduate,"<= $75,000, Above Poverty",0.0,0.0,0.5412556837578041,1,1,0.4587443162421959
45 - 54 Years,College Graduate,"> $75,000",1.0,0.0,0.8549310520048429,1,1,0.14506894799515713
45 - 54 Years,College Graduate,"> $75,000",0.0,0.0,0.33841041422692736,0,0,0.6615895857730727
65+ Years,College Graduate,"<= $75,000, Above Poverty",0.0,0.0,0.2027432031518433,0,0,0.7972567968481568
35 - 44 Years,Some College,"<= $75,000, Above Poverty",0.0,1.0,0.47990665693962614,1,0,0.5200933430603738
18 - 34 Years,College Graduate,"<= $75,000, Above Poverty",0.0,0.0,0.14408210131545623,0,0,0.8559178986845437
55 - 64 Years,12 Years,"<= $75,000, Above Poverty",0.0,0.0,0.2241688634166194,0,0,0.7758311365833805
35 - 44 Years,College Graduate,"<= $75,000, Above Poverty",0.0,0.0,0.04095299930193614,0,0,0.9590470006980638
45 - 54 Years,College Graduate,"> $75,000",1.0,0.0,0.8202947688181522,1,0,0.17970523118184778
45 - 54 Years,< 12 Years,"<= $75,000, Above Poverty",0.0,0.0,0.7158917049039181,1,0,0.28410829509608193
65+ Years,College Graduate,"<= $75,000, Above Poverty",0.0,0.0,0.42906485382049225,1,0,0.5709351461795078
65+ Years,College Graduate,"> $75,000",0.0,0.0,0.49067604068452697,1,0,0.509323959315473
65+ Years,12 Years,Below Poverty,1.0,0.0,0.8127529223157234,1,0,0.18724707768427662
65+ Years,College Graduate,"<= $75,000, Above Poverty",0.0,0.0,0.24886351697991171,0,0,0.7511364830200883
65+ Years,College Graduate,"<= $75,000, Above Poverty",0.0,0.0,0.2368627363152779,0,0,0.7631372636847221
65+ Years,< 12 Years,"<= $75,000, Above Poverty",0.0,0.0,0.24209130446303326,0,0,0.7579086955369667
45 - 54 Years,College Graduate,"<= $75,000, Above Poverty",0.0,1.0,0.4824512264161199,1,0,0.5175487735838801
55 - 64 Years,Some College,"<= $75,000, Above Poverty",0.0,0.0,0.4093664979725616,1,0,0.5906335020274385
55 - 64 Years,Some College,"<= $75,000, Above Poverty",0.0,0.0,0.7267135227984081,1,1,0.27328647720159194
45 - 54 Years,12 Years,"<= $75,000, Above Poverty",0.0,1.0,0.4399175372737316,1,0,0.5600824627262684
65+ Years,College Graduate,"<= $75,000, Above Poverty",0.0,0.0,0.4340465581272783,1,0,0.5659534418727217
65+ Years,12 Years,"<= $75,000, Above Poverty",0.0,0.0,0.11112859511176215,0,0,0.8888714048882378
45 - 54 Years,12 Years,"> $75,000",0.0,0.0,0.5346647100994406,1,0,0.4653352899005594
18 - 34 Years,12 Years,"<= $75,000, Above Poverty",0.0,0.0,0.18196329562599464,0,0,0.8180367043740053
65+ Years,College Graduate,"> $75,000",0.0,0.0,0.3472034814810417,0,0,0.6527965185189584
55 - 64 Years,Some College,"<= $75,000, Above Poverty",1.0,0.0,0.8256707897449234,1,1,0.17432921025507664
18 - 34 Years,< 12 Years,"> $75,000",1.0,0.0,0.8223481884465182,1,0,0.17765181155348175
18 - 34 Years,Some College,Below Poverty,1.0,0.0,0.8280897933180543,1,1,0.17191020668194568
65+ Years,College Graduate,"<= $75,000, Above Poverty",0.0,0.0,0.29782633902920974,0,0,0.7021736609707903
45 - 54 Years,College Graduate,"<= $75,000, Above Poverty",0.0,0.0,0.20873138881036388,0,0,0.7912686111896361
45 - 54 Years,College Graduate,"<= $75,000, Above Poverty",0.0,0.0,0.44272076719403547,1,1,0.5572792328059646
55 - 64 Years,College Graduate,"<= $75,000, Above Poverty",0.0,0.0,0.2681629040468266,0,0,0.7318370959531735
65+ Years,College Graduate,"<= $75,000, Above Poverty",0.0,0.0,0.34601219119831383,0,1,0.6539878088016862
45 - 54 Years,Some College,"<= $75,000, Above Poverty",0.0,0.0,0.2991496918223271,0,0,0.7008503081776729
55 - 64 Years,12 Years,Below Poverty,0.0,0.0,0.4649928443694823,1,0,0.5350071556305177
65+ Years,< 12 Years,"<= $75,000, Above Poverty",0.0,0.0,0.3590575036912462,0,0,0.6409424963087538
55 - 64 Years,College Graduate,"> $75,000",1.0,0.0,0.9258595499408454,1,1,0.0741404500591546
55 - 64 Years,< 12 Years,"<= $75,000, Above Poverty",0.0,0.0,0.11121775845578999,0,0,0.88878224154421
55 - 64 Years,Some College,"<= $75,000, Above Poverty",0.0,0.0,0.22828527195326234,0,0,0.7717147280467377
18 - 34 Years,< 12 Years,"<= $75,000, Above Poverty",0.0,0.0,0.44180219303194057,1,0,0.5581978069680594
45 - 54 Years,12 Years,"<= $75,000, Above Poverty",0.0,0.0,0.20452778413332845,0,0,0.7954722158666716
45 - 54 Years,< 12 Years,Below Poverty,0.0,0.0,0.30502123848944646,0,1,0.6949787615105536
45 - 54 Years,12 Years,"<= $75,000, Above Poverty",0.0,0.0,0.2144288308374197,0,0,0.7855711691625803
55 - 64 Years,College Graduate,"> $75,000",0.0,0.0,0.6353722902126683,1,0,0.3646277097873317
45 - 54 Years,College Graduate,"<= $75,000, Above Poverty",0.0,0.0,0.32731086650553903,0,0,0.6726891334944609
65+ Years,College Graduate,"<= $75,000, Above Poverty",0.0,0.0,0.7987045234961012,1,1,0.20129547650389878
65+ Years,Some College,"> $75,000",0.0,0.0,0.3658397092207325,0,0,0.6341602907792675
18 - 34 Years,Some College,"<= $75,000, Above Poverty",0.0,0.0,0.1356592266227293,0,0,0.8643407733772707
65+ Years,Some College,"<= $75,000, Above Poverty",0.0,0.0,0.3384236559551809,0,0,0.661576344044819
45 - 54 Years,< 12 Years,Below Poverty,0.0,0.0,0.16887693182400718,0,0,0.8311230681759928
55 - 64 Years,12 Years,"<= $75,000, Above Poverty",0.0,0.0,0.39588571927542904,0,0,0.604114280724571
55 - 64 Years,College Graduate,"> $75,000",1.0,0.0,0.8366961407750392,1,0,0.16330385922496082
35 - 44 Years,Some College,Below Poverty,0.0,0.0,0.2948834245657443,0,0,0.7051165754342557
65+ Years,College Graduate,"<= $75,000, Above Poverty",1.0,1.0,0.8962489158833538,1,1,0.10375108411664624
35 - 44 Years,College Graduate,"<= $75,000, Above Poverty",0.0,0.0,0.31158460418350264,0,0,0.6884153958164974
18 - 34 Years,College Graduate,"<= $75,000, Above Poverty",0.0,0.0,0.23851149312735304,0,0,0.7614885068726469
35 - 44 Years,College Graduate,"> $75,000",0.0,0.0,0.23718344064949456,0,0,0.7628165593505054
65+ Years,College Graduate,"<= $75,000, Above Poverty",0.0,0.0,0.8076215683531752,1,0,0.19237843164682478
55 - 64 Years,College Graduate,"<= $75,000, Above Poverty",0.0,0.0,0.21896670199581708,0,0,0.781033298004183
45 - 54 Years,12 Years,"<= $75,000, Above Poverty",0.0,0.0,0.33247388814962203,0,1,0.6675261118503779
18 - 34 Years,12 Years,"<= $75,000, Above Poverty",0.0,0.0,0.38478952561705804,0,0,0.615210474382942
18 - 34 Years,< 12 Years,Below Poverty,0.0,0.0,0.17648130490647906,0,0,0.8235186950935209
18 - 34 Years,College Graduate,"<= $75,000, Above Poverty",1.0,0.0,0.8192822510194008,1,1,0.18071774898059922
65+ Years,Some College,"<= $75,000, Above Poverty",0.0,0.0,0.3185980288922475,0,0,0.6814019711077526
65+ Years,Some College,"> $75,000",0.0,1.0,0.8378388527934528,1,0,0.16216114720654717
65+ Years,< 12 Years,Below Poverty,0.0,0.0,0.3758763980663114,0,0,0.6241236019336887
65+ Years,College Graduate,"<= $75,000, Above Poverty",0.0,0.0,0.28642413845772885,0,0,0.7135758615422712
55 - 64 Years,Some College,"> $75,000",0.0,0.0,0.39003400599635374,0,0,0.6099659940036463
35 - 44 Years,College Graduate,"> $75,000",0.0,0.0,0.7246533537084621,1,1,0.27534664629153793
65+ Years,12 Years,"<= $75,000, Above Poverty",0.0,1.0,0.1617234485116849,0,0,0.838276551488315
18 - 34 Years,College Graduate,"<= $75,000, Above Poverty",0.0,0.0,0.5669676826718391,1,1,0.43303231732816094
35 - 44 Years,College Graduate,"<= $75,000, Above Poverty",0.0,0.0,0.3023467778290273,0,0,0.6976532221709727
55 - 64 Years,College Graduate,"> $75,000",0.0,0.0,0.4304135348725312,1,0,0.5695864651274688
18 - 34 Years,12 Years,"<= $75,000, Above Poverty",0.0,0.0,0.41850753796368456,1,0,0.5814924620363154
45 - 54 Years,Some College,"> $75,000",1.0,0.0,0.9111960529772077,1,1,0.08880394702279226
55 - 64 Years,12 Years,"> $75,000",1.0,0.0,0.9348562081110259,1,1,0.06514379188897412
35 - 44 Years,12 Years,Below Poverty,0.0,0.0,0.27441174498799514,0,0,0.7255882550120049
65+ Years,12 Years,"<= $75,000, Above Poverty",0.0,0.0,0.1591860184797782,0,0,0.8408139815202218
55 - 64 Years,College Graduate,"<= $75,000, Above Poverty",0.0,0.0,0.5609278506333185,1,0,0.4390721493666815
18 - 34 Years,College Graduate,"<= $75,000, Above Poverty",0.0,0.0,0.30200137883788647,0,0,0.6979986211621135
65+ Years,Some College,"<= $75,000, Above Poverty",0.0,0.0,0.2680009203504332,0,0,0.7319990796495668
45 - 54 Years,12 Years,"<= $75,000, Above Poverty",0.0,0.0,0.4574419334014656,1,0,0.5425580665985343
45 - 54 Years,< 12 Years,"<= $75,000, Above Poverty",0.0,0.0,0.18317683691783557,0,0,0.8168231630821644
65+ Years,College Graduate,"<= $75,000, Above Poverty",0.0,0.0,0.29937866520798534,0,0,0.7006213347920147
18 - 34 Years,College Graduate,"> $75,000",0.0,0.0,0.5607300024077153,1,1,0.4392699975922847
55 - 64 Years,College Graduate,"<= $75,000, Above Poverty",0.0,0.0,0.4206724172707841,1,1,0.5793275827292159
55 - 64 Years,Some College,"<= $75,000, Above Poverty",0.0,1.0,0.43180119547618223,1,0,0.5681988045238178
55 - 64 Years,Some College,"<= $75,000, Above Poverty",0.0,0.0,0.07249954639991929,0,0,0.9275004536000807
65+ Years,College Graduate,"<= $75,000, Above Poverty",0.0,0.0,0.32197509574570504,0,0,0.678024904254295
65+ Years,< 12 Years,"<= $75,000, Above Poverty",0.0,0.0,0.27021112819826043,0,0,0.7297888718017396
55 - 64 Years,Some College,"<= $75,000, Above Poverty",0.0,0.0,0.2589386126501817,0,0,0.7410613873498183
45 - 54 Years,Some College,"> $75,000",1.0,0.0,0.3319779667163636,0,0,0.6680220332836364
18 - 34 Years,Some College,"> $75,000",0.0,1.0,0.8449557798277604,1,0,0.15504422017223962
65+ Years,12 Years,"<= $75,000, Above Poverty",0.0,0.0,0.2887078898944117,0,0,0.7112921101055882
45 - 54 Years,12 Years,"> $75,000",0.0,0.0,0.2582493247463866,0,0,0.7417506752536134
18 - 34 Years,Some College,"<= $75,000, Above Poverty",0.0,0.0,0.3828459634361847,0,1,0.6171540365638153
65+ Years,College Graduate,"<= $75,000, Above Poverty",0.0,0.0,0.11670157514620058,0,0,0.8832984248537994
45 - 54 Years,College Graduate,"> $75,000",0.0,0.0,0.25835841859507197,0,0,0.741641581404928
65+ Years,12 Years,"<= $75,000, Above Poverty",0.0,0.0,0.39130560464406916,0,0,0.6086943953559308
35 - 44 Years,College Graduate,"> $75,000",0.0,0.0,0.6796510424065897,1,0,0.3203489575934103
55 - 64 Years,College Graduate,"> $75,000",0.0,0.0,0.41828675315340885,1,0,0.5817132468465911
45 - 54 Years,Some College,"<= $75,000, Above Poverty",0.0,0.0,0.267785814800661,0,0,0.732214185199339
45 - 54 Years,12 Years,"> $75,000",0.0,0.0,0.20181593474285953,0,0,0.7981840652571405
65+ Years,12 Years,"<= $75,000, Above Poverty",0.0,0.0,0.301228670815916,0,0,0.698771329184084
55 - 64 Years,12 Years,"<= $75,000, Above Poverty",0.0,0.0,0.6464058127985628,1,0,0.3535941872014372
18 - 34 Years,College Graduate,"<= $75,000, Above Poverty",0.0,0.0,0.3044039197993684,0,0,0.6955960802006316
45 - 54 Years,12 Years,"<= $75,000, Above Poverty",0.0,0.0,0.2670509281013081,0,0,0.732949071898692
65+ Years,College Graduate,"<= $75,000, Above Poverty",0.0,0.0,0.4401611548399967,1,0,0.5598388451600034
65+ Years,< 12 Years,"<= $75,000, Above Poverty",0.0,0.0,0.2536264668166198,0,0,0.7463735331833802
65+ Years,Some College,"<= $75,000, Above Poverty",1.0,0.0,0.7322736840935918,1,1,0.26772631590640816
65+ Years,12 Years,"<= $75,000, Above Poverty",0.0,0.0,0.16624081504250515,0,0,0.8337591849574948
55 - 64 Years,College Graduate,"<= $75,000, Above Poverty",1.0,0.0,0.8144908861142666,1,0,0.18550911388573343
55 - 64 Years,Some College,"<= $75,000, Above Poverty",0.0,0.0,0.3584643062008421,0,0,0.6415356937991579
45 - 54 Years,College Graduate,"<= $75,000, Above Poverty",0.0,0.0,0.21024764381149313,0,0,0.7897523561885069
65+ Years,< 12 Years,Below Poverty,0.0,0.0,0.5636195977364217,1,1,0.4363804022635783
18 - 34 Years,College Graduate,"<= $75,000, Above Poverty",0.0,0.0,0.3475652982471638,0,0,0.6524347017528362
45 - 54 Years,Some College,"> $75,000",1.0,0.0,0.8773312065452386,1,1,0.12266879345476145
65+ Years,< 12 Years,"<= $75,000, Above Poverty",0.0,0.0,0.37129979558562076,0,0,0.6287002044143792
65+ Years,12 Years,"<= $75,000, Above Poverty",1.0,0.0,0.9144573328177839,1,1,0.08554266718221615
55 - 64 Years,< 12 Years,"<= $75,000, Above Poverty",0.0,0.0,0.24595191423153462,0,0,0.7540480857684654
65+ Years,12 Years,"<= $75,000, Above Poverty",0.0,0.0,0.1508391788961997,0,1,0.8491608211038003
65+ Years,Some College,"<= $75,000, Above Poverty",0.0,0.0,0.39851893999907223,0,0,0.6014810600009277
35 - 44 Years,12 Years,Below Poverty,0.0,0.0,0.05902120800036561,0,0,0.9409787919996344
18 - 34 Years,< 12 Years,"<= $75,000, Above Poverty",0.0,0.0,0.20770646560020714,0,0,0.7922935343997929
55 - 64 Years,< 12 Years,Below Poverty,1.0,0.0,0.90882891927484,1,1,0.09117108072516
35 - 44 Years,College Graduate,"> $75,000",0.0,0.0,0.5324141807244881,1,0,0.4675858192755119
45 - 54 Years,College Graduate,"> $75,000",0.0,0.0,0.5477632413349236,1,1,0.4522367586650764
35 - 44 Years,College Graduate,"> $75,000",0.0,0.0,0.3457557265433922,0,0,0.6542442734566078
45 - 54 Years,College Graduate,"> $75,000",0.0,0.0,0.4662605170680837,1,1,0.5337394829319163
65+ Years,< 12 Years,"<= $75,000, Above Poverty",0.0,0.0,0.19103532071873025,0,0,0.8089646792812697
65+ Years,College Graduate,"> $75,000",1.0,0.0,0.7984443329318551,1,1,0.20155566706814487
55 - 64 Years,12 Years,"<= $75,000, Above Poverty",0.0,0.0,0.4785018000235758,1,0,0.5214981999764242
45 - 54 Years,Some College,"<= $75,000, Above Poverty",0.0,0.0,0.3446853128422322,0,0,0.6553146871577678
55 - 64 Years,12 Years,"<= $75,000, Above Poverty",0.0,0.0,0.24627280968997786,0,0,0.7537271903100221
65+ Years,< 12 Years,Below Poverty,0.0,0.0,0.10708815968126695,0,0,0.892911840318733
18 - 34 Years,Some College,Below Poverty,0.0,0.0,0.2661690038077795,0,0,0.7338309961922205
65+ Years,12 Years,"<= $75,000, Above Poverty",0.0,0.0,0.2371164449928383,0,0,0.7628835550071618
55 - 64 Years,Some College,"<= $75,000, Above Poverty",0.0,0.0,0.16867272982959008,0,0,0.83132727017041
18 - 34 Years,College Graduate,"<= $75,000, Above Poverty",0.0,0.0,0.561936102606356,1,0,0.43806389739364404
18 - 34 Years,12 Years,Below Poverty,1.0,0.0,0.7510977352480364,1,0,0.24890226475196364
18 - 34 Years,College Graduate,"> $75,000",1.0,0.0,0.7614768480377029,1,1,0.23852315196229712
35 - 44 Years,College Graduate,"> $75,000",1.0,0.0,0.7529091655012317,1,1,0.24709083449876834
45 - 54 Years,12 Years,"<= $75,000, Above Poverty",0.0,1.0,0.5331675947285855,1,0,0.46683240527141445
65+ Years,College Graduate,"> $75,000",1.0,1.0,0.9661707916816854,1,1,0.033829208318314596
45 - 54 Years,Some College,"<= $75,000, Above Poverty",0.0,1.0,0.5407496378057889,1,1,0.4592503621942111
65+ Years,< 12 Years,"<= $75,000, Above Poverty",0.0,0.0,0.3334712986819949,0,0,0.6665287013180051
65+ Years,College Graduate,"<= $75,000, Above Poverty",0.0,0.0,0.48224757445789346,1,0,0.5177524255421065
55 - 64 Years,College Graduate,"<= $75,000, Above Poverty",0.0,1.0,0.5907611576144971,1,1,0.4092388423855029
65+ Years,< 12 Years,"<= $75,000, Above Poverty",0.0,0.0,0.17757487489887192,0,1,0.8224251251011281
45 - 54 Years,College Graduate,"<= $75,000, Above Poverty",0.0,0.0,0.5011092259142039,1,1,0.4988907740857961
18 - 34 Years,College Graduate,"> $75,000",0.0,0.0,0.4780978861338327,1,0,0.5219021138661672
65+ Years,< 12 Years,"<= $75,000, Above Poverty",0.0,0.0,0.14941188279613712,0,0,0.8505881172038628
55 - 64 Years,College Graduate,"<= $75,000, Above Poverty",0.0,1.0,0.6125655261138246,1,0,0.38743447388617536
45 - 54 Years,12 Years,"<= $75,000, Above Poverty",0.0,0.0,0.5155228284793695,1,1,0.4844771715206305
55 - 64 Years,12 Years,"<= $75,000, Above Poverty",0.0,0.0,0.2935040852189045,0,0,0.7064959147810955
45 - 54 Years,College Graduate,"<= $75,000, Above Poverty",0.0,0.0,0.2818546300574989,0,0,0.7181453699425011
55 - 64 Years,College Graduate,"<= $75,000, Above Poverty",0.0,0.0,0.42344068414372066,1,0,0.5765593158562794
55 - 64 Years,12 Years,"<= $75,000, Above Poverty",1.0,0.0,0.6865959417334885,1,1,0.3134040582665115
65+ Years,College Graduate,"> $75,000",0.0,0.0,0.2940142442669087,0,0,0.7059857557330913
45 - 54 Years,College Graduate,"<= $75,000, Above Poverty",1.0,0.0,0.7957646307763225,1,1,0.20423536922367747
45 - 54 Years,Some College,"<= $75,000, Above Poverty",0.0,0.0,0.33735185233719833,0,0,0.6626481476628017
55 - 64 Years,Some College,"<= $75,000, Above Poverty",0.0,0.0,0.21179626094277718,0,0,0.7882037390572229
55 - 64 Years,College Graduate,"<= $75,000, Above Poverty",0.0,0.0,0.2799624317845796,0,1,0.7200375682154204
35 - 44 Years,College Graduate,"> $75,000",0.0,0.0,0.37737964011539277,0,0,0.6226203598846072
55 - 64 Years,College Graduate,"> $75,000",1.0,0.0,0.9189162678150333,1,1,0.08108373218496667
55 - 64 Years,12 Years,"<= $75,000, Above Poverty",0.0,0.0,0.3358741743076565,0,0,0.6641258256923435
45 - 54 Years,12 Years,"<= $75,000, Above Poverty",0.0,0.0,0.25124959102622346,0,0,0.7487504089737765
65+ Years,College Graduate,"<= $75,000, Above Poverty",0.0,0.0,0.4132698687374635,1,0,0.5867301312625365
35 - 44 Years,College Graduate,"> $75,000",0.0,0.0,0.419222914744967,1,0,0.580777085255033
35 - 44 Years,College Graduate,"<= $75,000, Above Poverty",0.0,0.0,0.23527339140926465,0,0,0.7647266085907354
45 - 54 Years,Some College,"<= $75,000, Above Poverty",0.0,0.0,0.17617466950402766,0,0,0.8238253304959724
65+ Years,Some College,"<= $75,000, Above Poverty",0.0,0.0,0.29976864841178485,0,0,0.7002313515882151
65+ Years,12 Years,"<= $75,000, Above Poverty",0.0,0.0,0.16950993361811606,0,0,0.8304900663818839
35 - 44 Years,College Graduate,"> $75,000",0.0,0.0,0.13832355451971742,0,0,0.8616764454802825
65+ Years,College Graduate,"> $75,000",0.0,0.0,0.5378234629511627,1,0,0.4621765370488373
18 - 34 Years,12 Years,"> $75,000",0.0,0.0,0.20563404885495154,0,0,0.7943659511450485
65+ Years,< 12 Years,"<= $75,000, Above Poverty",0.0,0.0,0.2036590193116919,0,0,0.7963409806883082
18 - 34 Years,College Graduate,"> $75,000",0.0,0.0,0.3042340611360922,0,0,0.6957659388639078
65+ Years,College Graduate,"<= $75,000, Above Poverty",0.0,0.0,0.2593138465358798,0,0,0.7406861534641203
18 - 34 Years,Some College,Below Poverty,0.0,1.0,0.4835943759848869,1,0,0.5164056240151131
55 - 64 Years,12 Years,"<= $75,000, Above Poverty",0.0,0.0,0.19629896461488777,0,0,0.8037010353851122
65+ Years,12 Years,"<= $75,000, Above Poverty",0.0,0.0,0.2637825521933865,0,0,0.7362174478066135
45 - 54 Years,College Graduate,"> $75,000",0.0,0.0,0.45647820519426546,1,1,0.5435217948057345
18 - 34 Years,College Graduate,"> $75,000",0.0,0.0,0.5212458527779137,1,1,0.4787541472220863
35 - 44 Years,Some College,"> $75,000",0.0,1.0,0.608693833220355,1,0,0.391306166779645
55 - 64 Years,12 Years,"<= $75,000, Above Poverty",1.0,0.0,0.8528118000515769,1,1,0.14718819994842314
35 - 44 Years,College Graduate,"<= $75,000, Above Poverty",0.0,0.0,0.2685487883542545,0,1,0.7314512116457454
18 - 34 Years,College Graduate,"<= $75,000, Above Poverty",0.0,0.0,0.28984910945936204,0,1,0.710150890540638
65+ Years,12 Years,Below Poverty,0.0,0.0,0.16865452161657823,0,0,0.8313454783834218
18 - 34 Years,College Graduate,"<= $75,000, Above Poverty",0.0,0.0,0.4086934121924151,1,0,0.5913065878075849
45 - 54 Years,12 Years,"<= $75,000, Above Poverty",0.0,0.0,0.1456868753890925,0,0,0.8543131246109075
35 - 44 Years,Some College,"<= $75,000, Above Poverty",0.0,0.0,0.4863620958272686,1,0,0.5136379041727315
55 - 64 Years,< 12 Years,"<= $75,000, Above Poverty",0.0,0.0,0.2207430702524851,0,0,0.7792569297475149
18 - 34 Years,Some College,"> $75,000",0.0,0.0,0.2691393361794224,0,0,0.7308606638205777
45 - 54 Years,College Graduate,"<= $75,000, Above Poverty",0.0,0.0,0.2885610578443114,0,0,0.7114389421556886
55 - 64 Years,College Graduate,"<= $75,000, Above Poverty",0.0,0.0,0.26353613776175233,0,0,0.7364638622382477
35 - 44 Years,12 Years,"<= $75,000, Above Poverty",0.0,0.0,0.7557471813971869,1,0,0.24425281860281312
45 - 54 Years,12 Years,"> $75,000",0.0,0.0,0.2766955761158284,0,0,0.7233044238841716
55 - 64 Years,Some College,"> $75,000",0.0,0.0,0.3157210329640422,0,0,0.6842789670359578
18 - 34 Years,Some College,"<= $75,000, Above Poverty",0.0,0.0,0.29561715730785504,0,1,0.704382842692145
65+ Years,College Graduate,"<= $75,000, Above Poverty",0.0,0.0,0.2108361928692326,0,0,0.7891638071307674
35 - 44 Years,Some College,"<= $75,000, Above Poverty",0.0,0.0,0.08335963004957497,0,0,0.9166403699504251
18 - 34 Years,College Graduate,"<= $75,000, Above Poverty",1.0,0.0,0.6153785242156448,1,0,0.38462147578435524
45 - 54 Years,College Graduate,"<= $75,000, Above Poverty",0.0,0.0,0.3675526882533359,0,1,0.632447311746664
55 - 64 Years,Some College,"> $75,000",0.0,0.0,0.44122376943625236,1,0,0.5587762305637476
55 - 64 Years,College Graduate,"<= $75,000, Above Poverty",0.0,0.0,0.26182235103927265,0,0,0.7381776489607274
45 - 54 Years,College Graduate,"<= $75,000, Above Poverty",1.0,0.0,0.8958237830472879,1,1,0.10417621695271206
35 - 44 Years,12 Years,"> $75,000",0.0,0.0,0.20301599414587154,0,0,0.7969840058541284
45 - 54 Years,Some College,"<= $75,000, Above Poverty",0.0,0.0,0.12179547812909629,0,0,0.8782045218709037
45 - 54 Years,< 12 Years,"<= $75,000, Above Poverty",0.0,0.0,0.2150209786352902,0,0,0.7849790213647098
45 - 54 Years,College Graduate,"<= $75,000, Above Poverty",0.0,0.0,0.34244283405001286,0,1,0.6575571659499871
65+ Years,12 Years,"<= $75,000, Above Poverty",0.0,0.0,0.22544586558767715,0,1,0.7745541344123228
18 - 34 Years,College Graduate,"<= $75,000, Above Poverty",0.0,1.0,0.5353930377346247,1,0,0.46460696226537535
65+ Years,Some College,"<= $75,000, Above Poverty",1.0,0.0,0.7539611212747072,1,1,0.24603887872529284
65+ Years,College Graduate,"<= $75,000, Above Poverty",0.0,0.0,0.37638076254747643,0,0,0.6236192374525236
65+ Years,< 12 Years,"<= $75,000, Above Poverty",0.0,0.0,0.16283412109051046,0,0,0.8371658789094896
35 - 44 Years,Some College,"<= $75,000, Above Poverty",0.0,1.0,0.4387182738641476,1,0,0.5612817261358525
35 - 44 Years,College Graduate,"> $75,000",1.0,0.0,0.9107752014847663,1,1,0.08922479851523368
18 - 34 Years,Some College,"<= $75,000, Above Poverty",0.0,0.0,0.42632026840157033,1,0,0.5736797315984297
65+ Years,< 12 Years,"<= $75,000, Above Poverty",0.0,0.0,0.25937408318456784,0,0,0.7406259168154321
35 - 44 Years,College Graduate,"> $75,000",0.0,0.0,0.15611257746171414,0,0,0.8438874225382859
65+ Years,< 12 Years,"<= $75,000, Above Poverty",0.0,0.0,0.44044717331236455,1,0,0.5595528266876355
65+ Years,College Graduate,"<= $75,000, Above Poverty",0.0,0.0,0.3700292176967538,0,0,0.6299707823032462
35 - 44 Years,< 12 Years,"<= $75,000, Above Poverty",0.0,0.0,0.4066887242650987,1,0,0.5933112757349013
35 - 44 Years,College Graduate,"<= $75,000, Above Poverty",1.0,0.0,0.712882636054269,1,0,0.28711736394573095
35 - 44 Years,12 Years,Below Poverty,0.0,0.0,0.37619578078860566,0,0,0.6238042192113944
18 - 34 Years,12 Years,"<= $75,000, Above Poverty",0.0,0.0,0.20575358221266196,0,0,0.7942464177873381
45 - 54 Years,College Graduate,"> $75,000",0.0,0.0,0.17931472865880205,0,0,0.820685271341198
18 - 34 Years,12 Years,"<= $75,000, Above Poverty",0.0,0.0,0.08798160282190877,0,0,0.9120183971780912
18 - 34 Years,College Graduate,"<= $75,000, Above Poverty",0.0,0.0,0.3403158572180421,0,0,0.659684142781958
45 - 54 Years,College Graduate,"<= $75,000, Above Poverty",0.0,0.0,0.2581856476543673,0,1,0.7418143523456326
65+ Years,College Graduate,"<= $75,000, Above Poverty",0.0,0.0,0.33037922314234747,0,0,0.6696207768576525
35 - 44 Years,12 Years,"> $75,000",0.0,0.0,0.2151355156913347,0,0,0.7848644843086653
55 - 64 Years,College Graduate,"<= $75,000, Above Poverty",1.0,0.0,0.8663955400686788,1,0,0.1336044599313212
35 - 44 Years,12 Years,"<= $75,000, Above Poverty",0.0,1.0,0.2850615183503083,0,0,0.7149384816496918
45 - 54 Years,12 Years,"<= $75,000, Above Poverty",0.0,0.0,0.39508954275581637,0,0,0.6049104572441837
45 - 54 Years,Some College,"<= $75,000, Above Poverty",0.0,0.0,0.06738121094404845,0,0,0.9326187890559515
18 - 34 Years,Some College,"<= $75,000, Above Poverty",0.0,0.0,0.4384842381936546,1,0,0.5615157618063453
55 - 64 Years,College Graduate,"> $75,000",0.0,0.0,0.27774237111870603,0,1,0.722257628881294
18 - 34 Years,College Graduate,"<= $75,000, Above Poverty",0.0,0.0,0.23417637305555047,0,0,0.7658236269444495
65+ Years,College Graduate,"<= $75,000, Above Poverty",1.0,0.0,0.5567839996627632,1,0,0.44321600033723685
45 - 54 Years,< 12 Years,Below Poverty,0.0,0.0,0.2672387093328165,0,0,0.7327612906671834
45 - 54 Years,Some College,"<= $75,000, Above Poverty",1.0,1.0,0.8826385520989029,1,0,0.11736144790109715
65+ Years,College Graduate,"<= $75,000, Above Poverty",0.0,0.0,0.5230492454161216,1,1,0.47695075458387837
35 - 44 Years,College Graduate,"> $75,000",0.0,0.0,0.4288721202557586,1,0,0.5711278797442414
45 - 54 Years,College Graduate,"<= $75,000, Above Poverty",0.0,0.0,0.37187911345306096,0,0,0.628120886546939
18 - 34 Years,Some College,"> $75,000",1.0,0.0,0.7441245969091611,1,0,0.2558754030908389
45 - 54 Years,College Graduate,"<= $75,000, Above Poverty",0.0,0.0,0.2994795181403726,0,0,0.7005204818596273
18 - 34 Years,College Graduate,Below Poverty,0.0,1.0,0.44741136748540733,1,0,0.5525886325145927
55 - 64 Years,College Graduate,"<= $75,000, Above Poverty",1.0,0.0,0.7594780377175854,1,1,0.24052196228241463
65+ Years,12 Years,"<= $75,000, Above Poverty",1.0,0.0,0.8132301006406027,1,1,0.18676989935939725
45 - 54 Years,12 Years,"<= $75,000, Above Poverty",1.0,0.0,0.7249735505553152,1,0,0.2750264494446848
55 - 64 Years,College Graduate,"> $75,000",1.0,0.0,0.7715581502517083,1,0,0.22844184974829174
55 - 64 Years,12 Years,Below Poverty,0.0,0.0,0.4029957654997404,1,0,0.5970042345002595
55 - 64 Years,Some College,"<= $75,000, Above Poverty",1.0,0.0,0.4552435827443204,1,0,0.5447564172556796
65+ Years,12 Years,"<= $75,000, Above Poverty",0.0,0.0,0.15153078007104295,0,0,0.8484692199289571
65+ Years,Some College,Below Poverty,1.0,0.0,0.6743564216089373,1,1,0.3256435783910627
18 - 34 Years,12 Years,Below Poverty,0.0,0.0,0.13886172248853254,0,0,0.8611382775114674
18 - 34 Years,< 12 Years,"<= $75,000, Above Poverty",0.0,0.0,0.2639531291676614,0,0,0.7360468708323387
45 - 54 Years,College Graduate,"<= $75,000, Above Poverty",1.0,0.0,0.8955558000009637,1,1,0.10444419999903631
55 - 64 Years,Some College,"<= $75,000, Above Poverty",0.0,0.0,0.07900042395172667,0,0,0.9209995760482733
65+ Years,12 Years,"<= $75,000, Above Poverty",0.0,0.0,0.41096477614962973,1,0,0.5890352238503702
35 - 44 Years,Some College,"<= $75,000, Above Poverty",0.0,0.0,0.21767222018443086,0,0,0.7823277798155691
55 - 64 Years,College Graduate,"<= $75,000, Above Poverty",0.0,0.0,0.3285292600179418,0,0,0.6714707399820582
18 - 34 Years,College Graduate,"> $75,000",0.0,1.0,0.5026061055207056,1,0,0.4973938944792944
45 - 54 Years,Some College,"<= $75,000, Above Poverty",1.0,0.0,0.6813400691992005,1,0,0.31865993080079946
65+ Years,12 Years,"<= $75,000, Above Poverty",1.0,0.0,0.6313758060764261,1,1,0.36862419392357393
55 - 64 Years,College Graduate,"> $75,000",0.0,0.0,0.2583658581353598,0,0,0.7416341418646402
35 - 44 Years,College Graduate,"> $75,000",0.0,0.0,0.21798497651623405,0,0,0.782015023483766
65+ Years,< 12 Years,Below Poverty,0.0,0.0,0.205412886658752,0,0,0.794587113341248
45 - 54 Years,Some College,"<= $75,000, Above Poverty",0.0,0.0,0.2735853872059313,0,0,0.7264146127940687
18 - 34 Years,College Graduate,Below Poverty,0.0,1.0,0.6427379425755689,1,0,0.35726205742443107
45 - 54 Years,< 12 Years,"<= $75,000, Above Poverty",0.0,0.0,0.38640523475937893,0,0,0.6135947652406211
18 - 34 Years,Some College,"<= $75,000, Above Poverty",0.0,0.0,0.21702030461545735,0,1,0.7829796953845427
18 - 34 Years,College Graduate,"<= $75,000, Above Poverty",0.0,0.0,0.1961000162208722,0,0,0.8038999837791279
45 - 54 Years,College Graduate,"<= $75,000, Above Poverty",1.0,0.0,0.8103961335949796,1,0,0.18960386640502036
65+ Years,< 12 Years,Below Poverty,0.0,0.0,0.37858207505061364,0,0,0.6214179249493863
18 - 34 Years,College Graduate,"> $75,000",1.0,0.0,0.8854932527877548,1,0,0.11450674721224519
45 - 54 Years,12 Years,"> $75,000",0.0,0.0,0.19838076808049013,0,0,0.8016192319195099
18 - 34 Years,< 12 Years,"<= $75,000, Above Poverty",1.0,0.0,0.9396242538186975,1,1,0.06037574618130248
65+ Years,12 Years,"<= $75,000, Above Poverty",1.0,0.0,0.8615747184427327,1,1,0.1384252815572673
35 - 44 Years,12 Years,"<= $75,000, Above Poverty",0.0,0.0,0.2220290876152798,0,0,0.7779709123847202
55 - 64 Years,Some College,"<= $75,000, Above Poverty",0.0,0.0,0.13132078071633319,0,0,0.8686792192836668
65+ Years,College Graduate,"> $75,000",1.0,0.0,0.7726322423171963,1,1,0.2273677576828037
65+ Years,Some College,"<= $75,000, Above Poverty",0.0,0.0,0.20398931417530836,0,1,0.7960106858246916
65+ Years,Some College,"<= $75,000, Above Poverty",0.0,0.0,0.5370241265155437,1,0,0.46297587348445635
18 - 34 Years,Some College,"<= $75,000, Above Poverty",0.0,1.0,0.22666892092075683,0,0,0.7733310790792431
55 - 64 Years,College Graduate,"<= $75,000, Above Poverty",0.0,0.0,0.4503072851217932,1,1,0.5496927148782068
55 - 64 Years,12 Years,Below Poverty,0.0,1.0,0.5376669818119714,1,0,0.46233301818802863
65+ Years,Some College,"> $75,000",0.0,0.0,0.2500829230455532,0,0,0.7499170769544468
18 - 34 Years,12 Years,Below Poverty,0.0,0.0,0.2813466634641095,0,1,0.7186533365358905
65+ Years,College Graduate,"<= $75,000, Above Poverty",0.0,0.0,0.23190117463407184,0,0,0.7680988253659282
55 - 64 Years,College Graduate,"<= $75,000, Above Poverty",1.0,0.0,0.8735774758969561,1,0,0.1264225241030439
35 - 44 Years,College Graduate,"<= $75,000, Above Poverty",0.0,0.0,0.2778806409315109,0,0,0.7221193590684891
35 - 44 Years,College Graduate,"> $75,000",0.0,0.0,0.24453149025214369,0,0,0.7554685097478563
35 - 44 Years,College Graduate,"<= $75,000, Above Poverty",0.0,0.0,0.13616799388176654,0,1,0.8638320061182334
55 - 64 Years,Some College,"<= $75,000, Above Poverty",0.0,0.0,0.4971620253938458,1,0,0.5028379746061542
65+ Years,12 Years,"<= $75,000, Above Poverty",1.0,0.0,0.8724475142578487,1,1,0.12755248574215128
18 - 34 Years,Some College,"<= $75,000, Above Poverty",0.0,0.0,0.36974848820705436,0,0,0.6302515117929457
18 - 34 Years,12 Years,"<= $75,000, Above Poverty",1.0,1.0,0.6506151573671469,1,0,0.3493848426328531
35 - 44 Years,Some College,Below Poverty,0.0,0.0,0.18956664452179622,0,0,0.8104333554782037
45 - 54 Years,Some College,"> $75,000",0.0,0.0,0.28253286054989024,0,0,0.7174671394501098
65+ Years,Some College,"<= $75,000, Above Poverty",0.0,0.0,0.19428481812566753,0,0,0.8057151818743324
35 - 44 Years,12 Years,"<= $75,000, Above Poverty",0.0,0.0,0.4134445819700636,1,1,0.5865554180299364
65+ Years,< 12 Years,Below Poverty,0.0,0.0,0.09182231560159615,0,0,0.9081776843984039
18 - 34 Years,Some College,"<= $75,000, Above Poverty",0.0,0.0,0.30305846315694246,0,1,0.6969415368430576
35 - 44 Years,Some College,"<= $75,000, Above Poverty",1.0,0.0,0.7031765854820845,1,1,0.2968234145179155
35 - 44 Years,College Graduate,"> $75,000",0.0,0.0,0.4970745936639628,1,0,0.5029254063360372
35 - 44 Years,College Graduate,"<= $75,000, Above Poverty",0.0,0.0,0.2223159302133792,0,0,0.7776840697866207
18 - 34 Years,College Graduate,"<= $75,000, Above Poverty",0.0,0.0,0.1775211903127727,0,0,0.8224788096872273
55 - 64 Years,Some College,"<= $75,000, Above Poverty",0.0,0.0,0.14507355027878513,0,0,0.8549264497212149
45 - 54 Years,College Graduate,"> $75,000",0.0,0.0,0.33399274895063086,0,1,0.6660072510493691
18 - 34 Years,Some College,"<= $75,000, Above Poverty",0.0,0.0,0.20967501043833034,0,1,0.7903249895616696
65+ Years,12 Years,"<= $75,000, Above Poverty",0.0,0.0,0.43859617497729875,1,0,0.5614038250227013
65+ Years,College Graduate,"> $75,000",0.0,0.0,0.2548776080158558,0,0,0.7451223919841442
65+ Years,College Graduate,"> $75,000",0.0,0.0,0.4019013765587577,1,1,0.5980986234412423
45 - 54 Years,Some College,"> $75,000",0.0,0.0,0.2972863321390778,0,0,0.7027136678609223
18 - 34 Years,Some College,"<= $75,000, Above Poverty",0.0,0.0,0.18762814953992502,0,0,0.812371850460075
65+ Years,College Graduate,"<= $75,000, Above Poverty",0.0,0.0,0.3028091124942908,0,0,0.6971908875057091
18 - 34 Years,< 12 Years,"<= $75,000, Above Poverty",0.0,0.0,0.2801225398924466,0,0,0.7198774601075534
45 - 54 Years,College Graduate,"> $75,000",0.0,0.0,0.2875033261088048,0,0,0.7124966738911952
35 - 44 Years,Some College,"> $75,000",0.0,1.0,0.4081301792902488,1,0,0.5918698207097512
55 - 64 Years,12 Years,"<= $75,000, Above Poverty",1.0,0.0,0.7730190973433543,1,1,0.22698090265664572
35 - 44 Years,College Graduate,"> $75,000",0.0,0.0,0.16102693117128516,0,0,0.8389730688287148
18 - 34 Years,Some College,"<= $75,000, Above Poverty",0.0,0.0,0.2426738461967195,0,0,0.7573261538032805
55 - 64 Years,12 Years,Below Poverty,0.0,0.0,0.14330568118583822,0,0,0.8566943188141618
18 - 34 Years,12 Years,"<= $75,000, Above Poverty",0.0,0.0,0.4602557052767949,1,0,0.5397442947232052
55 - 64 Years,Some College,"<= $75,000, Above Poverty",0.0,0.0,0.1805342950072808,0,0,0.8194657049927192
65+ Years,< 12 Years,Below Poverty,0.0,0.0,0.6389966849098828,1,0,0.3610033150901172
18 - 34 Years,College Graduate,"<= $75,000, Above Poverty",0.0,0.0,0.2840365174820311,0,0,0.7159634825179688
35 - 44 Years,Some College,"<= $75,000, Above Poverty",0.0,0.0,0.20200386815238316,0,0,0.7979961318476169
35 - 44 Years,College Graduate,"<= $75,000, Above Poverty",0.0,0.0,0.26276876586400916,0,0,0.7372312341359908
18 - 34 Years,< 12 Years,"> $75,000",0.0,0.0,0.16630998712580014,0,0,0.8336900128741999
65+ Years,12 Years,"<= $75,000, Above Poverty",1.0,0.0,0.876127860569707,1,1,0.12387213943029296
45 - 54 Years,Some College,"<= $75,000, Above Poverty",0.0,0.0,0.24290082198105498,0,0,0.757099178018945
18 - 34 Years,College Graduate,"> $75,000",0.0,1.0,0.46938685973380617,1,1,0.5306131402661938
35 - 44 Years,College Graduate,"<= $75,000, Above Poverty",0.0,0.0,0.2349240200962794,0,1,0.7650759799037206
18 - 34 Years,12 Years,"<= $75,000, Above Poverty",0.0,0.0,0.33629420524851117,0,0,0.6637057947514888
65+ Years,College Graduate,"<= $75,000, Above Poverty",0.0,0.0,0.6100076612373297,1,0,0.38999233876267025
45 - 54 Years,12 Years,Below Poverty,1.0,0.0,0.9079142484194451,1,0,0.09208575158055488
45 - 54 Years,Some College,"> $75,000",1.0,0.0,0.599146933285422,1,0,0.400853066714578
65+ Years,12 Years,"<= $75,000, Above Poverty",0.0,0.0,0.1508391788961997,0,0,0.8491608211038003
18 - 34 Years,Some College,Below Poverty,0.0,0.0,0.5091383395867745,1,0,0.49086166041322554
45 - 54 Years,12 Years,"<= $75,000, Above Poverty",0.0,0.0,0.09844320659540041,0,0,0.9015567934045996
65+ Years,Some College,"<= $75,000, Above Poverty",1.0,0.0,0.7712495304171519,1,1,0.22875046958284806
65+ Years,Some College,"<= $75,000, Above Poverty",0.0,0.0,0.30161658947470416,0,0,0.6983834105252958
18 - 34 Years,Some College,"<= $75,000, Above Poverty",0.0,0.0,0.3541475437103954,0,0,0.6458524562896046
45 - 54 Years,College Graduate,"<= $75,000, Above Poverty",0.0,0.0,0.2053245285853232,0,0,0.7946754714146768
45 - 54 Years,Some College,"<= $75,000, Above Poverty",0.0,0.0,0.10746458552927468,0,0,0.8925354144707254
45 - 54 Years,Some College,"> $75,000",1.0,1.0,0.8108292177993905,1,0,0.18917078220060946
65+ Years,College Graduate,"<= $75,000, Above Poverty",0.0,0.0,0.3143145224271609,0,0,0.6856854775728392
35 - 44 Years,College Graduate,"> $75,000",0.0,0.0,0.20614340662628874,0,1,0.7938565933737113
65+ Years,12 Years,"<= $75,000, Above Poverty",0.0,0.0,0.20506475162134374,0,0,0.7949352483786563
45 - 54 Years,College Graduate,"<= $75,000, Above Poverty",0.0,0.0,0.5065210830047896,1,1,0.4934789169952104
65+ Years,Some College,"<= $75,000, Above Poverty",0.0,0.0,0.564492214426578,1,1,0.43550778557342196
45 - 54 Years,12 Years,"<= $75,000, Above Poverty",0.0,0.0,0.11148158387969688,0,0,0.8885184161203031
45 - 54 Years,College Graduate,"> $75,000",0.0,1.0,0.5480131775878511,1,0,0.45198682241214894
45 - 54 Years,12 Years,"<= $75,000, Above Poverty",1.0,0.0,0.7563241287095281,1,1,0.24367587129047186
35 - 44 Years,12 Years,"> $75,000",0.0,1.0,0.47617321305769295,1,0,0.523826786942307
55 - 64 Years,Some College,"<= $75,000, Above Poverty",0.0,1.0,0.4972400316347208,1,0,0.5027599683652793
35 - 44 Years,College Graduate,"> $75,000",0.0,0.0,0.22286272188891887,0,0,0.7771372781110811
45 - 54 Years,Some College,"> $75,000",0.0,1.0,0.5723493016942746,1,0,0.42765069830572544
18 - 34 Years,< 12 Years,"<= $75,000, Above Poverty",0.0,0.0,0.275669322675174,0,0,0.7243306773248259
55 - 64 Years,College Graduate,"> $75,000",1.0,0.0,0.7031209540950573,1,1,0.29687904590494274
45 - 54 Years,College Graduate,"<= $75,000, Above Poverty",0.0,0.0,0.19940635778467658,0,0,0.8005936422153235
18 - 34 Years,12 Years,Below Poverty,0.0,0.0,0.07151931506795856,0,0,0.9284806849320415
65+ Years,< 12 Years,"<= $75,000, Above Poverty",0.0,0.0,0.36280680005604893,0,0,0.6371931999439511
18 - 34 Years,College Graduate,"<= $75,000, Above Poverty",0.0,0.0,0.2303379189834018,0,0,0.7696620810165982
65+ Years,< 12 Years,"<= $75,000, Above Poverty",0.0,0.0,0.2964206095323164,0,0,0.7035793904676836
55 - 64 Years,College Graduate,"> $75,000",0.0,1.0,0.5396524102032313,1,0,0.4603475897967687
35 - 44 Years,12 Years,"> $75,000",0.0,0.0,0.16410970653890516,0,0,0.8358902934610948
55 - 64 Years,College Graduate,"<= $75,000, Above Poverty",0.0,0.0,0.2286278246253226,0,0,0.7713721753746774
65+ Years,Some College,"<= $75,000, Above Poverty",1.0,0.0,0.6720801811423115,1,0,0.3279198188576885
65+ Years,College Graduate,"<= $75,000, Above Poverty",0.0,0.0,0.6421127650825813,1,0,0.3578872349174187
45 - 54 Years,College Graduate,"> $75,000",0.0,0.0,0.4505234338150464,1,0,0.5494765661849537
45 - 54 Years,College Graduate,"> $75,000",0.0,1.0,0.40876378729913815,1,0,0.5912362127008619
45 - 54 Years,Some College,"> $75,000",0.0,1.0,0.2313246651667507,0,0,0.7686753348332493
55 - 64 Years,Some College,"> $75,000",1.0,0.0,0.8820465710791878,1,1,0.11795342892081218
45 - 54 Years,12 Years,"<= $75,000, Above Poverty",0.0,0.0,0.21992916033348786,0,0,0.7800708396665121
65+ Years,College Graduate,"<= $75,000, Above Poverty",1.0,0.0,0.759289945631392,1,0,0.24071005436860804
18 - 34 Years,12 Years,"<= $75,000, Above Poverty",0.0,0.0,0.2130159616598311,0,0,0.786984038340169
65+ Years,College Graduate,"> $75,000",0.0,0.0,0.6068608666241174,1,0,0.3931391333758826
65+ Years,< 12 Years,"<= $75,000, Above Poverty",0.0,0.0,0.20006144362340067,0,0,0.7999385563765993
45 - 54 Years,College Graduate,"<= $75,000, Above Poverty",0.0,0.0,0.15351913566950562,0,0,0.8464808643304944
65+ Years,< 12 Years,"<= $75,000, Above Poverty",0.0,0.0,0.13606808039033064,0,0,0.8639319196096693
65+ Years,Some College,"<= $75,000, Above Poverty",1.0,0.0,0.5495088221658234,1,0,0.4504911778341766
65+ Years,12 Years,"<= $75,000, Above Poverty",0.0,0.0,0.3588292027946921,0,0,0.6411707972053079
55 - 64 Years,College Graduate,"<= $75,000, Above Poverty",0.0,0.0,0.34226900258334514,0,0,0.6577309974166549
35 - 44 Years,College Graduate,"<= $75,000, Above Poverty",0.0,0.0,0.4741734888345037,1,0,0.5258265111654963
18 - 34 Years,College Graduate,"<= $75,000, Above Poverty",0.0,0.0,0.2979636363286577,0,0,0.7020363636713423
45 - 54 Years,College Graduate,"<= $75,000, Above Poverty",0.0,0.0,0.08371172412450248,0,0,0.9162882758754975
65+ Years,12 Years,"<= $75,000, Above Poverty",1.0,0.0,0.8774577161483021,1,1,0.12254228385169785
45 - 54 Years,12 Years,Below Poverty,0.0,0.0,0.22483290947306384,0,0,0.7751670905269361
55 - 64 Years,College Graduate,"> $75,000",1.0,0.0,0.8100027198324025,1,0,0.18999728016759754
18 - 34 Years,College Graduate,"<= $75,000, Above Poverty",1.0,1.0,0.7140679283570908,1,0,0.28593207164290924
65+ Years,< 12 Years,"<= $75,000, Above Poverty",0.0,0.0,0.29708573683468487,0,0,0.7029142631653151
35 - 44 Years,College Graduate,"> $75,000",0.0,0.0,0.18246868310131034,0,0,0.8175313168986896
18 - 34 Years,College Graduate,"<= $75,000, Above Poverty",1.0,1.0,0.841222675484422,1,0,0.15877732451557802
55 - 64 Years,Some College,"<= $75,000, Above Poverty",0.0,0.0,0.2036223702708218,0,0,0.7963776297291782
55 - 64 Years,Some College,"<= $75,000, Above Poverty",0.0,1.0,0.46485023346260607,1,0,0.5351497665373939
65+ Years,Some College,"<= $75,000, Above Poverty",0.0,0.0,0.215500831519191,0,0,0.784499168480809
18 - 34 Years,12 Years,Below Poverty,0.0,0.0,0.15179334447194898,0,0,0.848206655528051
35 - 44 Years,Some College,"<= $75,000, Above Poverty",0.0,0.0,0.30299343704118964,0,0,0.6970065629588104
55 - 64 Years,College Graduate,"> $75,000",0.0,0.0,0.34420506700381454,0,0,0.6557949329961854
45 - 54 Years,12 Years,"<= $75,000, Above Poverty",1.0,0.0,0.8351252097660721,1,1,0.16487479023392793
18 - 34 Years,College Graduate,"<= $75,000, Above Poverty",0.0,0.0,0.23172879589011441,0,0,0.7682712041098856
55 - 64 Years,College Graduate,"> $75,000",1.0,1.0,0.9348955711603573,1,1,0.06510442883964274
35 - 44 Years,12 Years,Below Poverty,0.0,0.0,0.44872855635556225,1,0,0.5512714436444377
45 - 54 Years,Some College,Below Poverty,0.0,0.0,0.21579736531601112,0,1,0.7842026346839889
18 - 34 Years,Some College,"> $75,000",0.0,0.0,0.17022533039539306,0,0,0.8297746696046069
35 - 44 Years,College Graduate,"> $75,000",0.0,0.0,0.18897671746618735,0,0,0.8110232825338126
65+ Years,12 Years,Below Poverty,0.0,0.0,0.0799612742858433,0,0,0.9200387257141567
55 - 64 Years,College Graduate,"<= $75,000, Above Poverty",1.0,0.0,0.708524657415151,1,1,0.291475342584849
55 - 64 Years,College Graduate,"<= $75,000, Above Poverty",0.0,0.0,0.2578149957966345,0,0,0.7421850042033655
55 - 64 Years,Some College,"> $75,000",1.0,0.0,0.5264593760925192,1,0,0.47354062390748075
65+ Years,< 12 Years,"<= $75,000, Above Poverty",0.0,0.0,0.35008014732785353,0,0,0.6499198526721465
65+ Years,< 12 Years,"<= $75,000, Above Poverty",0.0,0.0,0.48159895764426847,1,1,0.5184010423557315
65+ Years,< 12 Years,Below Poverty,0.0,0.0,0.21448306890502977,0,0,0.7855169310949702
35 - 44 Years,Some College,"> $75,000",0.0,0.0,0.17537372761242428,0,0,0.8246262723875757
35 - 44 Years,12 Years,"<= $75,000, Above Poverty",1.0,0.0,0.5272615473722313,1,0,0.4727384526277687
18 - 34 Years,College Graduate,"> $75,000",0.0,0.0,0.38215666985238234,0,0,0.6178433301476176
55 - 64 Years,Some College,"> $75,000",0.0,0.0,0.2122937824188361,0,0,0.7877062175811639
55 - 64 Years,College Graduate,"<= $75,000, Above Poverty",0.0,1.0,0.3698422129845574,0,0,0.6301577870154427
65+ Years,< 12 Years,Below Poverty,0.0,0.0,0.38313737517474816,0,0,0.6168626248252518
65+ Years,Some College,"<= $75,000, Above Poverty",1.0,0.0,0.768555636848977,1,0,0.231444363151023
55 - 64 Years,12 Years,"<= $75,000, Above Poverty",0.0,0.0,0.5060781918591306,1,0,0.4939218081408694
45 - 54 Years,College Graduate,"<= $75,000, Above Poverty",1.0,0.0,0.8512125383743675,1,0,0.1487874616256325
55 - 64 Years,College Graduate,"> $75,000",0.0,0.0,0.3773498276835437,0,0,0.6226501723164564
35 - 44 Years,College Graduate,"<= $75,000, Above Poverty",0.0,0.0,0.35513433498136715,0,1,0.6448656650186328
45 - 54 Years,12 Years,"> $75,000",0.0,0.0,0.35116727843251916,0,0,0.6488327215674808
18 - 34 Years,College Graduate,"> $75,000",0.0,1.0,0.7865936737749759,1,0,0.2134063262250241
65+ Years,College Graduate,"<= $75,000, Above Poverty",0.0,0.0,0.2314174275137211,0,0,0.7685825724862789
55 - 64 Years,College Graduate,"<= $75,000, Above Poverty",0.0,0.0,0.1215579705701511,0,1,0.878442029429849
18 - 34 Years,College Graduate,"> $75,000",1.0,0.0,0.6827687912527576,1,1,0.3172312087472424
65+ Years,< 12 Years,Below Poverty,0.0,0.0,0.46592744539334985,1,0,0.5340725546066502
35 - 44 Years,College Graduate,"<= $75,000, Above Poverty",1.0,0.0,0.6988228324187723,1,0,0.3011771675812277
45 - 54 Years,12 Years,Below Poverty,1.0,0.0,0.7560843425651116,1,1,0.2439156574348884
65+ Years,12 Years,"<= $75,000, Above Poverty",0.0,0.0,0.24522242419894727,0,0,0.7547775758010528
65+ Years,12 Years,"<= $75,000, Above Poverty",0.0,0.0,0.5609980701886759,1,0,0.43900192981132413
18 - 34 Years,Some College,Below Poverty,1.0,0.0,0.7825851348980657,1,0,0.2174148651019343
45 - 54 Years,College Graduate,"> $75,000",0.0,0.0,0.47745406910959104,1,1,0.522545930890409
18 - 34 Years,12 Years,"> $75,000",0.0,0.0,0.11936611011356833,0,0,0.8806338898864317
65+ Years,12 Years,"<= $75,000, Above Poverty",0.0,0.0,0.34113057969436045,0,1,0.6588694203056396
65+ Years,College Graduate,"> $75,000",0.0,0.0,0.4868257876165768,1,0,0.5131742123834232
18 - 34 Years,College Graduate,"<= $75,000, Above Poverty",0.0,0.0,0.19011679368347642,0,0,0.8098832063165236
35 - 44 Years,Some College,"<= $75,000, Above Poverty",0.0,1.0,0.46259684030407044,1,0,0.5374031596959296
45 - 54 Years,12 Years,"<= $75,000, Above Poverty",0.0,0.0,0.16288934903218233,0,0,0.8371106509678177
65+ Years,College Graduate,"<= $75,000, Above Poverty",1.0,0.0,0.6701528199879232,1,1,0.3298471800120768
55 - 64 Years,Some College,Below Poverty,1.0,1.0,0.9455872789046833,1,1,0.054412721095316696
55 - 64 Years,Some College,"<= $75,000, Above Poverty",1.0,0.0,0.7120574398389186,1,0,0.28794256016108144
65+ Years,College Graduate,"<= $75,000, Above Poverty",1.0,0.0,0.946650698952893,1,1,0.053349301047107
55 - 64 Years,Some College,"<= $75,000, Above Poverty",0.0,0.0,0.35415074745163544,0,0,0.6458492525483646
45 - 54 Years,Some College,"> $75,000",0.0,0.0,0.06259993263859295,0,0,0.937400067361407
55 - 64 Years,College Graduate,"> $75,000",0.0,1.0,0.6055050172398234,1,0,0.3944949827601766
35 - 44 Years,12 Years,"> $75,000",0.0,0.0,0.13650591288772318,0,0,0.8634940871122768
55 - 64 Years,Some College,"<= $75,000, Above Poverty",1.0,0.0,0.89473170288875,1,1,0.10526829711124996
65+ Years,College Graduate,"<= $75,000, Above Poverty",0.0,0.0,0.47093710034715075,1,0,0.5290628996528493
65+ Years,Some College,"<= $75,000, Above Poverty",0.0,0.0,0.5554852602319036,1,0,0.4445147397680964
18 - 34 Years,College Graduate,"<= $75,000, Above Poverty",0.0,1.0,0.44662328502821663,1,0,0.5533767149717834
55 - 64 Years,12 Years,Below Poverty,1.0,0.0,0.7613940427514779,1,0,0.23860595724852207
18 - 34 Years,Some College,Below Poverty,0.0,0.0,0.14278551160624797,0,1,0.857214488393752
35 - 44 Years,College Graduate,"<= $75,000, Above Poverty",0.0,0.0,0.25496221486719695,0,0,0.745037785132803
45 - 54 Years,12 Years,"<= $75,000, Above Poverty",0.0,0.0,0.07400584602197942,0,0,0.9259941539780205
65+ Years,12 Years,"<= $75,000, Above Poverty",0.0,0.0,0.1831610085299009,0,0,0.8168389914700991
65+ Years,12 Years,"<= $75,000, Above Poverty",0.0,0.0,0.09422966156661315,0,0,0.9057703384333868
18 - 34 Years,Some College,"<= $75,000, Above Poverty",0.0,0.0,0.716347160601451,1,0,0.283652839398549
18 - 34 Years,College Graduate,"> $75,000",0.0,0.0,0.2801361564041465,0,0,0.7198638435958535
65+ Years,Some College,"<= $75,000, Above Poverty",0.0,0.0,0.3852934698588515,0,0,0.6147065301411485
65+ Years,Some College,"<= $75,000, Above Poverty",0.0,0.0,0.3409933805638284,0,1,0.6590066194361717
35 - 44 Years,Some College,"> $75,000",0.0,0.0,0.26752141003589575,0,0,0.7324785899641042
55 - 64 Years,College Graduate,"> $75,000",0.0,0.0,0.4112264731667272,1,0,0.5887735268332728
18 - 34 Years,College Graduate,"<= $75,000, Above Poverty",0.0,0.0,0.2038731749644492,0,0,0.7961268250355508
18 - 34 Years,College Graduate,"<= $75,000, Above Poverty",0.0,0.0,0.11674611091535679,0,0,0.8832538890846432
55 - 64 Years,College Graduate,"> $75,000",0.0,1.0,0.5577422906614282,1,0,0.4422577093385718
65+ Years,Some College,"<= $75,000, Above Poverty",1.0,0.0,0.795785794009129,1,1,0.20421420599087103
35 - 44 Years,College Graduate,"<= $75,000, Above Poverty",0.0,1.0,0.4655247907216148,1,0,0.5344752092783852
55 - 64 Years,12 Years,Below Poverty,0.0,0.0,0.21305898385240354,0,0,0.7869410161475965
65+ Years,College Graduate,"<= $75,000, Above Poverty",0.0,0.0,0.20474033289230323,0,0,0.7952596671076968
45 - 54 Years,Some College,"<= $75,000, Above Poverty",0.0,0.0,0.3553289422210306,0,1,0.6446710577789694
35 - 44 Years,College Graduate,"<= $75,000, Above Poverty",0.0,0.0,0.23973669897502123,0,0,0.7602633010249787
65+ Years,12 Years,"<= $75,000, Above Poverty",1.0,0.0,0.7474126848219693,1,0,0.2525873151780307
55 - 64 Years,Some College,"<= $75,000, Above Poverty",1.0,1.0,0.9744444295625009,1,1,0.02555557043749912
65+ Years,12 Years,"<= $75,000, Above Poverty",0.0,0.0,0.18319988330188788,0,0,0.8168001166981121
18 - 34 Years,College Graduate,"> $75,000",0.0,0.0,0.2904238364241514,0,0,0.7095761635758486
45 - 54 Years,College Graduate,"> $75,000",0.0,0.0,0.41206276981151974,1,1,0.5879372301884802
55 - 64 Years,College Graduate,"<= $75,000, Above Poverty",0.0,0.0,0.37343861547859736,0,0,0.6265613845214026
55 - 64 Years,< 12 Years,"<= $75,000, Above Poverty",0.0,0.0,0.12021351717749962,0,0,0.8797864828225004
45 - 54 Years,12 Years,"<= $75,000, Above Poverty",0.0,0.0,0.2450241563746008,0,0,0.7549758436253993
18 - 34 Years,12 Years,"<= $75,000, Above Poverty",0.0,0.0,0.46025622605499944,1,0,0.5397437739450006
18 - 34 Years,College Graduate,"> $75,000",0.0,1.0,0.8664436674978597,1,1,0.13355633250214027
55 - 64 Years,12 Years,Below Poverty,1.0,0.0,0.6876411304910492,1,0,0.31235886950895075
65+ Years,College Graduate,"> $75,000",0.0,0.0,0.3918498993645662,0,0,0.6081501006354337
35 - 44 Years,Some College,Below Poverty,0.0,0.0,0.1538992337248804,0,0,0.8461007662751197
45 - 54 Years,College Graduate,"<= $75,000, Above Poverty",0.0,0.0,0.37481557704339924,0,0,0.6251844229566008
45 - 54 Years,College Graduate,"<= $75,000, Above Poverty",0.0,0.0,0.1784462779021981,0,0,0.8215537220978019
65+ Years,< 12 Years,"<= $75,000, Above Poverty",0.0,0.0,0.37207232273741486,0,0,0.6279276772625851
45 - 54 Years,Some College,"<= $75,000, Above Poverty",1.0,1.0,0.8082644316947197,1,1,0.19173556830528027
65+ Years,12 Years,"<= $75,000, Above Poverty",0.0,0.0,0.16629207478540747,0,0,0.8337079252145925
65+ Years,< 12 Years,"<= $75,000, Above Poverty",0.0,0.0,0.31838856420251876,0,0,0.6816114357974812
55 - 64 Years,College Graduate,"> $75,000",1.0,0.0,0.8203620185374578,1,1,0.17963798146254217
65+ Years,Some College,"<= $75,000, Above Poverty",0.0,0.0,0.5543529698574543,1,0,0.4456470301425457
55 - 64 Years,College Graduate,"<= $75,000, Above Poverty",0.0,1.0,0.6178313874407737,1,1,0.3821686125592263
65+ Years,Some College,"<= $75,000, Above Poverty",0.0,0.0,0.3536009738498858,0,0,0.6463990261501142
35 - 44 Years,Some College,"<= $75,000, Above Poverty",0.0,0.0,0.16655011580909154,0,0,0.8334498841909085
45 - 54 Years,Some College,"<= $75,000, Above Poverty",0.0,0.0,0.34066046875672573,0,0,0.6593395312432743
18 - 34 Years,College Graduate,"<= $75,000, Above Poverty",0.0,0.0,0.2396125393206849,0,0,0.7603874606793151
55 - 64 Years,College Graduate,"<= $75,000, Above Poverty",0.0,0.0,0.22066175608294886,0,0,0.7793382439170511
18 - 34 Years,Some College,"<= $75,000, Above Poverty",0.0,0.0,0.25064188026526785,0,0,0.7493581197347321
65+ Years,College Graduate,"<= $75,000, Above Poverty",0.0,0.0,0.1101429181131485,0,0,0.8898570818868515
45 - 54 Years,College Graduate,"> $75,000",0.0,0.0,0.3685490197293773,0,0,0.6314509802706227
65+ Years,College Graduate,Below Poverty,1.0,0.0,0.7260918337682996,1,1,0.27390816623170045
18 - 34 Years,College Graduate,"> $75,000",0.0,0.0,0.5168660837749447,1,1,0.4831339162250553
45 - 54 Years,12 Years,"<= $75,000, Above Poverty",1.0,1.0,0.9726171861370644,1,0,0.027382813862935618
65+ Years,College Graduate,"> $75,000",0.0,0.0,0.38608772181829615,0,0,0.6139122781817039
35 - 44 Years,Some College,"<= $75,000, Above Poverty",0.0,0.0,0.32787043876268107,0,0,0.6721295612373189
18 - 34 Years,Some College,"<= $75,000, Above Poverty",0.0,1.0,0.36492430846542395,0,0,0.6350756915345761
18 - 34 Years,< 12 Years,"<= $75,000, Above Poverty",0.0,0.0,0.2249096768021797,0,0,0.7750903231978203
65+ Years,Some College,"<= $75,000, Above Poverty",0.0,1.0,0.5676672155259327,1,0,0.4323327844740673
18 - 34 Years,College Graduate,"<= $75,000, Above Poverty",0.0,0.0,0.338832620256537,0,1,0.661167379743463
55 - 64 Years,12 Years,"> $75,000",1.0,0.0,0.889888748271121,1,1,0.11011125172887903
55 - 64 Years,College Graduate,"<= $75,000, Above Poverty",0.0,0.0,0.4198772192958241,1,0,0.5801227807041759
55 - 64 Years,12 Years,"<= $75,000, Above Poverty",0.0,0.0,0.312667080239662,0,0,0.687332919760338
65+ Years,College Graduate,"<= $75,000, Above Poverty",0.0,0.0,0.25846060190327236,0,0,0.7415393980967276
35 - 44 Years,Some College,"> $75,000",0.0,0.0,0.16432327032734978,0,0,0.8356767296726502
65+ Years,Some College,"<= $75,000, Above Poverty",0.0,0.0,0.7322959953714011,1,1,0.2677040046285989
45 - 54 Years,Some College,"<= $75,000, Above Poverty",0.0,0.0,0.17145950288274764,0,0,0.8285404971172523
65+ Years,< 12 Years,"<= $75,000, Above Poverty",0.0,0.0,0.2639094176230815,0,1,0.7360905823769185
65+ Years,College Graduate,"<= $75,000, Above Poverty",1.0,1.0,0.8979591759087789,1,1,0.10204082409122106
45 - 54 Years,12 Years,"<= $75,000, Above Poverty",0.0,0.0,0.3288430293403836,0,0,0.6711569706596163
35 - 44 Years,Some College,"> $75,000",0.0,0.0,0.11275286146019008,0,0,0.88724713853981
18 - 34 Years,Some College,"> $75,000",1.0,0.0,0.41594026944074763,1,1,0.5840597305592523
18 - 34 Years,12 Years,"<= $75,000, Above Poverty",0.0,1.0,0.7374032649783523,1,0,0.2625967350216477
65+ Years,< 12 Years,"<= $75,000, Above Poverty",1.0,0.0,0.19313853586020335,0,0,0.8068614641397966
35 - 44 Years,12 Years,"<= $75,000, Above Poverty",0.0,1.0,0.48621207814860823,1,1,0.5137879218513918
18 - 34 Years,College Graduate,"> $75,000",0.0,0.0,0.31568751934946904,0,0,0.684312480650531
35 - 44 Years,College Graduate,"> $75,000",0.0,0.0,0.4613219762945403,1,0,0.5386780237054597
45 - 54 Years,Some College,Below Poverty,0.0,0.0,0.21027348696250117,0,1,0.7897265130374989
65+ Years,12 Years,"<= $75,000, Above Poverty",0.0,0.0,0.3948532544960958,0,1,0.6051467455039041
45 - 54 Years,College Graduate,"<= $75,000, Above Poverty",0.0,0.0,0.3399517173924618,0,0,0.6600482826075382
65+ Years,Some College,"<= $75,000, Above Poverty",1.0,0.0,0.8269298456503014,1,1,0.17307015434969863
65+ Years,Some College,"<= $75,000, Above Poverty",0.0,0.0,0.5780909445874317,1,0,0.4219090554125683
18 - 34 Years,College Graduate,"> $75,000",0.0,0.0,0.15785609079343915,0,0,0.8421439092065608
18 - 34 Years,Some College,Below Poverty,0.0,0.0,0.09731384906689107,0,0,0.9026861509331089
55 - 64 Years,12 Years,"<= $75,000, Above Poverty",0.0,0.0,0.26803396941969015,0,0,0.7319660305803098
18 - 34 Years,College Graduate,"<= $75,000, Above Poverty",0.0,0.0,0.3220927122805998,0,0,0.6779072877194001
65+ Years,Some College,"<= $75,000, Above Poverty",0.0,0.0,0.07279339047173107,0,0,0.9272066095282689
45 - 54 Years,College Graduate,"> $75,000",0.0,0.0,0.04989993697883134,0,0,0.9501000630211687
35 - 44 Years,College Graduate,"> $75,000",0.0,0.0,0.32250006266373604,0,0,0.677499937336264
35 - 44 Years,Some College,"<= $75,000, Above Poverty",0.0,1.0,0.6516635511042065,1,0,0.3483364488957935
65+ Years,12 Years,"<= $75,000, Above Poverty",0.0,0.0,0.4184268765004419,1,1,0.581573123499558
45 - 54 Years,College Graduate,"> $75,000",0.0,1.0,0.5931605818153299,1,0,0.40683941818467007
18 - 34 Years,College Graduate,"<= $75,000, Above Poverty",0.0,1.0,0.4842450266982479,1,0,0.5157549733017521
35 - 44 Years,College Graduate,"> $75,000",0.0,0.0,0.7184240213452298,1,0,0.28157597865477024
18 - 34 Years,Some College,"<= $75,000, Above Poverty",0.0,0.0,0.27979458388417383,0,0,0.7202054161158262
45 - 54 Years,Some College,"<= $75,000, Above Poverty",0.0,0.0,0.09401678164247608,0,0,0.9059832183575239
65+ Years,12 Years,"<= $75,000, Above Poverty",1.0,1.0,0.8669819091708856,1,0,0.13301809082911442
55 - 64 Years,< 12 Years,"<= $75,000, Above Poverty",0.0,1.0,0.5506980767486653,1,0,0.44930192325133467
55 - 64 Years,College Graduate,"> $75,000",0.0,0.0,0.24569982978304086,0,1,0.7543001702169592
35 - 44 Years,College Graduate,"<= $75,000, Above Poverty",0.0,0.0,0.15245686661567515,0,0,0.8475431333843249
18 - 34 Years,College Graduate,"<= $75,000, Above Poverty",1.0,1.0,0.8978816916823308,1,1,0.10211830831766922
18 - 34 Years,Some College,Below Poverty,0.0,0.0,0.27597190744700334,0,0,0.7240280925529967
18 - 34 Years,Some College,"> $75,000",0.0,1.0,0.4754288318952923,1,0,0.5245711681047077
55 - 64 Years,Some College,"<= $75,000, Above Poverty",1.0,1.0,0.9466917283670007,1,0,0.05330827163299934
55 - 64 Years,Some College,"<= $75,000, Above Poverty",0.0,0.0,0.5017940029225832,1,0,0.49820599707741675
65+ Years,12 Years,"<= $75,000, Above Poverty",0.0,0.0,0.2544576031667581,0,0,0.745542396833242
18 - 34 Years,College Graduate,"<= $75,000, Above Poverty",1.0,0.0,0.8644818029938528,1,1,0.1355181970061472
65+ Years,12 Years,"<= $75,000, Above Poverty",0.0,0.0,0.15994135350730743,0,0,0.8400586464926926
65+ Years,12 Years,"<= $75,000, Above Poverty",0.0,0.0,0.28277131232743846,0,0,0.7172286876725615
55 - 64 Years,College Graduate,"> $75,000",0.0,0.0,0.4601510580970838,1,0,0.5398489419029162
45 - 54 Years,College Graduate,"> $75,000",0.0,1.0,0.34601224848396456,0,0,0.6539877515160355
65+ Years,Some College,"<= $75,000, Above Poverty",1.0,0.0,0.7538612681550677,1,0,0.2461387318449323
65+ Years,12 Years,"<= $75,000, Above Poverty",0.0,0.0,0.39506210820391285,0,0,0.6049378917960871
55 - 64 Years,College Graduate,"> $75,000",0.0,1.0,0.6933805892517761,1,0,0.30661941074822385
18 - 34 Years,12 Years,Below Poverty,0.0,0.0,0.26608630853637616,0,0,0.7339136914636238
18 - 34 Years,College Graduate,Below Poverty,1.0,0.0,0.652205210655955,1,1,0.34779478934404495
35 - 44 Years,12 Years,"<= $75,000, Above Poverty",0.0,0.0,0.29289615522292073,0,0,0.7071038447770792
55 - 64 Years,College Graduate,"> $75,000",0.0,0.0,0.2880360175224327,0,0,0.7119639824775673
65+ Years,Some College,"<= $75,000, Above Poverty",0.0,0.0,0.26215790991854265,0,0,0.7378420900814573
65+ Years,College Graduate,Below Poverty,0.0,0.0,0.4718750595849244,1,0,0.5281249404150756
65+ Years,College Graduate,"<= $75,000, Above Poverty",1.0,0.0,0.8674258849568341,1,0,0.13257411504316585
18 - 34 Years,< 12 Years,Below Poverty,0.0,0.0,0.6187312154752479,1,0,0.3812687845247521
65+ Years,College Graduate,"> $75,000",1.0,0.0,0.7103980505086119,1,1,0.28960194949138807
65+ Years,12 Years,"<= $75,000, Above Poverty",0.0,1.0,0.4726616138448912,1,1,0.5273383861551089
65+ Years,College Graduate,"<= $75,000, Above Poverty",0.0,0.0,0.331331874847405,0,0,0.668668125152595
18 - 34 Years,College Graduate,"> $75,000",0.0,0.0,0.19702798709694655,0,0,0.8029720129030534
65+ Years,Some College,"> $75,000",0.0,0.0,0.3469098084824863,0,0,0.6530901915175137
65+ Years,College Graduate,"> $75,000",0.0,0.0,0.3794203766156094,0,0,0.6205796233843905
65+ Years,12 Years,"<= $75,000, Above Poverty",0.0,0.0,0.24733409401875459,0,0,0.7526659059812454
18 - 34 Years,College Graduate,"<= $75,000, Above Poverty",0.0,0.0,0.2391247003152483,0,0,0.7608752996847516
65+ Years,< 12 Years,"<= $75,000, Above Poverty",1.0,0.0,0.8767105804375277,1,1,0.1232894195624723
45 - 54 Years,College Graduate,"> $75,000",0.0,0.0,0.286742576459128,0,0,0.713257423540872
45 - 54 Years,College Graduate,"> $75,000",0.0,0.0,0.3558828759894672,0,0,0.6441171240105328
45 - 54 Years,College Graduate,"> $75,000",0.0,0.0,0.19621947128807862,0,0,0.8037805287119214
55 - 64 Years,12 Years,"<= $75,000, Above Poverty",0.0,0.0,0.42259487336616497,1,0,0.577405126633835
45 - 54 Years,College Graduate,"<= $75,000, Above Poverty",0.0,0.0,0.3161692730999397,0,0,0.6838307269000603
55 - 64 Years,College Graduate,"> $75,000",0.0,0.0,0.5783981115163606,1,0,0.42160188848363944
55 - 64 Years,College Graduate,"> $75,000",0.0,0.0,0.5285591765830205,1,1,0.47144082341697946
18 - 34 Years,Some College,"<= $75,000, Above Poverty",0.0,0.0,0.36538001448016866,0,0,0.6346199855198313
35 - 44 Years,College Graduate,"> $75,000",1.0,0.0,0.7871357570476112,1,1,0.21286424295238882
35 - 44 Years,Some College,"<= $75,000, Above Poverty",0.0,0.0,0.3385799002814389,0,0,0.6614200997185611
45 - 54 Years,Some College,"<= $75,000, Above Poverty",0.0,0.0,0.20090107112000044,0,0,0.7990989288799996
65+ Years,< 12 Years,Below Poverty,1.0,0.0,0.6637846986453848,1,0,0.3362153013546152
65+ Years,Some College,"<= $75,000, Above Poverty",0.0,1.0,0.46643751976736364,1,0,0.5335624802326364
65+ Years,Some College,"<= $75,000, Above Poverty",1.0,0.0,0.8717760626699838,1,1,0.12822393733001625
65+ Years,< 12 Years,"<= $75,000, Above Poverty",1.0,1.0,0.9235645245578056,1,1,0.07643547544219442
18 - 34 Years,Some College,"> $75,000",1.0,0.0,0.728624819635295,1,0,0.271375180364705
45 - 54 Years,12 Years,"<= $75,000, Above Poverty",1.0,0.0,0.808884416981,1,1,0.191115583019
65+ Years,Some College,"<= $75,000, Above Poverty",0.0,0.0,0.4694079444429247,1,0,0.5305920555570753
65+ Years,12 Years,"<= $75,000, Above Poverty",0.0,0.0,0.3973104338787149,0,0,0.6026895661212851
18 - 34 Years,College Graduate,"<= $75,000, Above Poverty",1.0,0.0,0.7760760015391739,1,1,0.2239239984608261
45 - 54 Years,< 12 Years,Below Poverty,1.0,0.0,0.8050713556642065,1,1,0.1949286443357935
65+ Years,12 Years,"<= $75,000, Above Poverty",0.0,0.0,0.42905720970185285,1,1,0.5709427902981472
55 - 64 Years,College Graduate,"<= $75,000, Above Poverty",0.0,0.0,0.1805459345654893,0,0,0.8194540654345107
18 - 34 Years,College Graduate,"> $75,000",0.0,1.0,0.5718717864414499,1,0,0.42812821355855013
65+ Years,College Graduate,"<= $75,000, Above Poverty",0.0,0.0,0.6041481859606213,1,0,0.39585181403937875
18 - 34 Years,College Graduate,"> $75,000",0.0,0.0,0.3141075401973626,0,0,0.6858924598026375
18 - 34 Years,Some College,"<= $75,000, Above Poverty",0.0,0.0,0.25368034016011703,0,0,0.7463196598398829
65+ Years,12 Years,"> $75,000",0.0,0.0,0.26356016691384215,0,0,0.7364398330861579
35 - 44 Years,12 Years,"<= $75,000, Above Poverty",1.0,0.0,0.7436922967221374,1,0,0.25630770327786256
45 - 54 Years,College Graduate,"<= $75,000, Above Poverty",0.0,0.0,0.40069053581421926,1,1,0.5993094641857808
45 - 54 Years,College Graduate,"<= $75,000, Above Poverty",0.0,0.0,0.34758750608816125,0,0,0.6524124939118388
35 - 44 Years,12 Years,"<= $75,000, Above Poverty",0.0,0.0,0.15967628371751197,0,1,0.840323716282488
35 - 44 Years,College Graduate,"> $75,000",0.0,0.0,0.19254018831871583,0,0,0.8074598116812841
35 - 44 Years,Some College,"> $75,000",0.0,1.0,0.2728904348030624,0,0,0.7271095651969376
65+ Years,College Graduate,"<= $75,000, Above Poverty",0.0,0.0,0.4455832697179282,1,0,0.5544167302820717
45 - 54 Years,College Graduate,"> $75,000",1.0,0.0,0.7861428816955559,1,1,0.2138571183044441
65+ Years,Some College,"<= $75,000, Above Poverty",1.0,0.0,0.7319732533965759,1,1,0.26802674660342407
45 - 54 Years,12 Years,"<= $75,000, Above Poverty",0.0,0.0,0.29686964746429095,0,0,0.7031303525357091
65+ Years,12 Years,"<= $75,000, Above Poverty",0.0,0.0,0.2643328606796776,0,1,0.7356671393203225
65+ Years,College Graduate,"<= $75,000, Above Poverty",0.0,0.0,0.5060145052772661,1,0,0.4939854947227339
35 - 44 Years,Some College,"<= $75,000, Above Poverty",0.0,1.0,0.6741044652791435,1,1,0.32589553472085653
45 - 54 Years,College Graduate,"<= $75,000, Above Poverty",0.0,0.0,0.13849119425318224,0,0,0.8615088057468178
45 - 54 Years,College Graduate,"<= $75,000, Above Poverty",0.0,0.0,0.2582992284179548,0,0,0.7417007715820452
55 - 64 Years,College Graduate,Below Poverty,0.0,0.0,0.22829977429282822,0,0,0.7717002257071718
45 - 54 Years,College Graduate,"<= $75,000, Above Poverty",1.0,0.0,0.7470210258761792,1,0,0.25297897412382075
55 - 64 Years,Some College,"<= $75,000, Above Poverty",0.0,0.0,0.4365967587538032,1,0,0.5634032412461968
45 - 54 Years,College Graduate,"> $75,000",0.0,0.0,0.23342421228260948,0,1,0.7665757877173905
65+ Years,12 Years,"<= $75,000, Above Poverty",0.0,0.0,0.3636200027579636,0,0,0.6363799972420364
18 - 34 Years,College Graduate,"<= $75,000, Above Poverty",0.0,0.0,0.32513800299088724,0,0,0.6748619970091128
35 - 44 Years,12 Years,"<= $75,000, Above Poverty",0.0,0.0,0.29060863579530527,0,0,0.7093913642046947
35 - 44 Years,12 Years,Below Poverty,0.0,0.0,0.19178066885459955,0,0,0.8082193311454005
55 - 64 Years,College Graduate,"<= $75,000, Above Poverty",0.0,0.0,0.30006485956072426,0,0,0.6999351404392757
18 - 34 Years,College Graduate,"> $75,000",0.0,0.0,0.2950419127050914,0,0,0.7049580872949086
35 - 44 Years,College Graduate,"> $75,000",0.0,1.0,0.5237613104628824,1,1,0.47623868953711757
45 - 54 Years,< 12 Years,Below Poverty,0.0,0.0,0.22891134209505104,0,1,0.771088657904949
18 - 34 Years,College Graduate,"<= $75,000, Above Poverty",0.0,0.0,0.23399775782881824,0,0,0.7660022421711817
65+ Years,< 12 Years,Below Poverty,1.0,0.0,0.9162505909379933,1,1,0.08374940906200667
18 - 34 Years,College Graduate,"<= $75,000, Above Poverty",0.0,0.0,0.3932602602894921,0,0,0.6067397397105079
65+ Years,12 Years,"<= $75,000, Above Poverty",0.0,0.0,0.34161181106035093,0,0,0.658388188939649
45 - 54 Years,< 12 Years,Below Poverty,0.0,0.0,0.38330977878879235,0,0,0.6166902212112076
55 - 64 Years,< 12 Years,Below Poverty,0.0,0.0,0.12640838769074114,0,0,0.8735916123092589
55 - 64 Years,College Graduate,"> $75,000",0.0,0.0,0.4077193097931474,1,0,0.5922806902068526
18 - 34 Years,< 12 Years,Below Poverty,0.0,0.0,0.1842288573840706,0,0,0.8157711426159294
18 - 34 Years,12 Years,"<= $75,000, Above Poverty",0.0,0.0,0.40183743156168406,1,0,0.598162568438316
45 - 54 Years,Some College,"<= $75,000, Above Poverty",0.0,0.0,0.17486790138649516,0,0,0.8251320986135049
65+ Years,College Graduate,"<= $75,000, Above Poverty",0.0,0.0,0.34013243962932815,0,0,0.6598675603706718
65+ Years,Some College,"<= $75,000, Above Poverty",1.0,0.0,0.8577993811867737,1,1,0.14220061881322632
45 - 54 Years,College Graduate,"<= $75,000, Above Poverty",0.0,0.0,0.26362783778478566,0,0,0.7363721622152144
18 - 34 Years,Some College,"> $75,000",0.0,0.0,0.25224219498547557,0,1,0.7477578050145244
55 - 64 Years,12 Years,"<= $75,000, Above Poverty",1.0,1.0,0.9711833207754385,1,1,0.028816679224561548
18 - 34 Years,Some College,"<= $75,000, Above Poverty",0.0,0.0,0.05389461484750522,0,0,0.9461053851524948
45 - 54 Years,12 Years,Below Poverty,0.0,0.0,0.29279543121975293,0,0,0.7072045687802471
18 - 34 Years,College Graduate,"> $75,000",0.0,0.0,0.1388241131884266,0,0,0.8611758868115734
45 - 54 Years,12 Years,"<= $75,000, Above Poverty",0.0,0.0,0.28730670578945783,0,0,0.7126932942105422
35 - 44 Years,College Graduate,"> $75,000",1.0,0.0,0.8084062260196463,1,1,0.1915937739803537
55 - 64 Years,Some College,Below Poverty,0.0,0.0,0.21054737787269484,0,0,0.7894526221273052
55 - 64 Years,College Graduate,"> $75,000",0.0,0.0,0.34084548265055165,0,0,0.6591545173494484
35 - 44 Years,College Graduate,"<= $75,000, Above Poverty",1.0,0.0,0.7357216640904375,1,1,0.2642783359095625
45 - 54 Years,College Graduate,Below Poverty,1.0,0.0,0.7308306767134473,1,1,0.26916932328655274
55 - 64 Years,12 Years,"> $75,000",1.0,0.0,0.8166629879511071,1,1,0.18333701204889286
35 - 44 Years,< 12 Years,Below Poverty,0.0,0.0,0.07116853567541591,0,0,0.9288314643245841
45 - 54 Years,Some College,"<= $75,000, Above Poverty",0.0,0.0,0.28477611492232807,0,0,0.715223885077672
35 - 44 Years,Some College,"<= $75,000, Above Poverty",0.0,0.0,0.37641994902283,0,0,0.6235800509771701
55 - 64 Years,12 Years,"<= $75,000, Above Poverty",0.0,0.0,0.39248874965273967,0,0,0.6075112503472604
55 - 64 Years,College Graduate,"<= $75,000, Above Poverty",0.0,0.0,0.635340123421335,1,0,0.36465987657866505
35 - 44 Years,College Graduate,"<= $75,000, Above Poverty",0.0,0.0,0.27993652539090486,0,0,0.7200634746090951
35 - 44 Years,College Graduate,"> $75,000",0.0,0.0,0.5422575089566312,1,1,0.45774249104336884
45 - 54 Years,College Graduate,"<= $75,000, Above Poverty",0.0,0.0,0.3157806169238205,0,0,0.6842193830761796
55 - 64 Years,College Graduate,"<= $75,000, Above Poverty",0.0,0.0,0.2866659144684323,0,1,0.7133340855315677
55 - 64 Years,Some College,"<= $75,000, Above Poverty",0.0,0.0,0.2831579750082463,0,0,0.7168420249917538
18 - 34 Years,12 Years,"<= $75,000, Above Poverty",1.0,0.0,0.5394436697671313,1,0,0.4605563302328687
45 - 54 Years,12 Years,"> $75,000",1.0,1.0,0.8462346494592157,1,1,0.15376535054078433
18 - 34 Years,12 Years,"<= $75,000, Above Poverty",1.0,0.0,0.5453346739346926,1,0,0.4546653260653074
18 - 34 Years,Some College,Below Poverty,0.0,0.0,0.3514496783276233,0,0,0.6485503216723767
45 - 54 Years,Some College,"> $75,000",0.0,1.0,0.375127176801161,0,0,0.624872823198839
18 - 34 Years,Some College,"<= $75,000, Above Poverty",0.0,0.0,0.15633868544684465,0,0,0.8436613145531553
65+ Years,Some College,"<= $75,000, Above Poverty",1.0,0.0,0.7207018795360722,1,1,0.27929812046392777
55 - 64 Years,Some College,"<= $75,000, Above Poverty",0.0,0.0,0.15454737443243569,0,1,0.8454526255675643
55 - 64 Years,Some College,Below Poverty,0.0,0.0,0.14472731200926678,0,0,0.8552726879907332
55 - 64 Years,Some College,"<= $75,000, Above Poverty",0.0,0.0,0.2364887030643554,0,0,0.7635112969356446
55 - 64 Years,College Graduate,"<= $75,000, Above Poverty",0.0,0.0,0.49262301444978535,1,0,0.5073769855502146
18 - 34 Years,Some College,"<= $75,000, Above Poverty",1.0,0.0,0.827903923496797,1,1,0.17209607650320302
35 - 44 Years,Some College,"<= $75,000, Above Poverty",0.0,0.0,0.11451761876825277,0,0,0.8854823812317473
18 - 34 Years,Some College,"<= $75,000, Above Poverty",0.0,0.0,0.06328030684576913,0,0,0.9367196931542309
65+ Years,12 Years,"<= $75,000, Above Poverty",1.0,0.0,0.9034628809882934,1,1,0.09653711901170658
18 - 34 Years,Some College,"> $75,000",0.0,1.0,0.496341706230012,1,0,0.503658293769988
18 - 34 Years,College Graduate,Below Poverty,0.0,0.0,0.2288503951416968,0,0,0.7711496048583032
18 - 34 Years,College Graduate,"<= $75,000, Above Poverty",0.0,0.0,0.15920540947621295,0,0,0.840794590523787
45 - 54 Years,College Graduate,"> $75,000",1.0,1.0,0.9877838484227238,1,1,0.01221615157727618
35 - 44 Years,College Graduate,"> $75,000",0.0,0.0,0.3006792132391414,0,0,0.6993207867608586
18 - 34 Years,12 Years,"<= $75,000, Above Poverty",0.0,0.0,0.2649445457310646,0,0,0.7350554542689354
18 - 34 Years,12 Years,"<= $75,000, Above Poverty",1.0,0.0,0.8207121870779945,1,1,0.17928781292200546
45 - 54 Years,College Graduate,"<= $75,000, Above Poverty",0.0,0.0,0.2674224020000464,0,0,0.7325775979999536
65+ Years,12 Years,Below Poverty,1.0,0.0,0.9093027887307024,1,1,0.09069721126929764
18 - 34 Years,12 Years,Below Poverty,0.0,0.0,0.18359915310953392,0,0,0.8164008468904661
55 - 64 Years,College Graduate,"> $75,000",1.0,0.0,0.683434475159636,1,1,0.31656552484036404
45 - 54 Years,< 12 Years,Below Poverty,0.0,0.0,0.2096097400089624,0,0,0.7903902599910376
55 - 64 Years,College Graduate,"<= $75,000, Above Poverty",0.0,0.0,0.4728267935539901,1,0,0.52717320644601
45 - 54 Years,College Graduate,"> $75,000",0.0,1.0,0.7460213223854054,1,1,0.2539786776145946
45 - 54 Years,12 Years,"<= $75,000, Above Poverty",0.0,0.0,0.3625195286027427,0,0,0.6374804713972573
65+ Years,< 12 Years,"<= $75,000, Above Poverty",0.0,0.0,0.09938700822960626,0,0,0.9006129917703938
35 - 44 Years,College Graduate,"<= $75,000, Above Poverty",0.0,1.0,0.7429404918281759,1,1,0.2570595081718241
45 - 54 Years,< 12 Years,"<= $75,000, Above Poverty",0.0,0.0,0.3653368423529923,0,0,0.6346631576470076
65+ Years,< 12 Years,"<= $75,000, Above Poverty",0.0,0.0,0.24577977481373942,0,0,0.7542202251862606
45 - 54 Years,Some College,"> $75,000",0.0,1.0,0.6774245566958548,1,0,0.3225754433041452
35 - 44 Years,College Graduate,"> $75,000",1.0,0.0,0.906650395357532,1,0,0.093349604642468
18 - 34 Years,College Graduate,"<= $75,000, Above Poverty",0.0,0.0,0.264639085467834,0,0,0.735360914532166
55 - 64 Years,College Graduate,"<= $75,000, Above Poverty",0.0,0.0,0.29530405923057484,0,0,0.7046959407694251
55 - 64 Years,Some College,"<= $75,000, Above Poverty",0.0,0.0,0.7257395679149503,1,0,0.2742604320850497
35 - 44 Years,College Graduate,"> $75,000",0.0,0.0,0.1927814346263397,0,0,0.8072185653736603
18 - 34 Years,12 Years,"<= $75,000, Above Poverty",0.0,0.0,0.1282183062808877,0,0,0.8717816937191123
18 - 34 Years,Some College,Below Poverty,0.0,0.0,0.42938105431567414,1,0,0.5706189456843258
55 - 64 Years,Some College,"<= $75,000, Above Poverty",0.0,0.0,0.4921621404249469,1,0,0.5078378595750531
45 - 54 Years,12 Years,"> $75,000",0.0,0.0,0.24290637109458585,0,0,0.7570936289054142
45 - 54 Years,College Graduate,"<= $75,000, Above Poverty",0.0,0.0,0.3042468653511352,0,0,0.6957531346488648
35 - 44 Years,Some College,"> $75,000",0.0,0.0,0.241748368854757,0,0,0.758251631145243
45 - 54 Years,Some College,"<= $75,000, Above Poverty",0.0,0.0,0.2539099586163164,0,0,0.7460900413836836
55 - 64 Years,Some College,"<= $75,000, Above Poverty",0.0,0.0,0.17439963201622455,0,0,0.8256003679837755
65+ Years,College Graduate,"> $75,000",1.0,0.0,0.9528652271084074,1,1,0.047134772891592625
65+ Years,12 Years,"<= $75,000, Above Poverty",1.0,0.0,0.5831714115076583,1,1,0.4168285884923417
55 - 64 Years,Some College,"<= $75,000, Above Poverty",0.0,0.0,0.3034885820327922,0,0,0.6965114179672078
45 - 54 Years,12 Years,"<= $75,000, Above Poverty",0.0,0.0,0.34827667412007846,0,0,0.6517233258799215
35 - 44 Years,Some College,"<= $75,000, Above Poverty",0.0,0.0,0.20575652592523475,0,0,0.7942434740747653
65+ Years,College Graduate,"> $75,000",0.0,0.0,0.46057726765597434,1,0,0.5394227323440257
45 - 54 Years,Some College,"> $75,000",0.0,0.0,0.15247867818694416,0,0,0.8475213218130558
18 - 34 Years,College Graduate,"<= $75,000, Above Poverty",0.0,0.0,0.19722850430164282,0,0,0.8027714956983572
45 - 54 Years,College Graduate,"> $75,000",0.0,0.0,0.10557546583819524,0,0,0.8944245341618048
65+ Years,Some College,"<= $75,000, Above Poverty",0.0,0.0,0.350805077484192,0,0,0.649194922515808
45 - 54 Years,Some College,"<= $75,000, Above Poverty",0.0,0.0,0.23081486636166867,0,0,0.7691851336383313
18 - 34 Years,12 Years,"<= $75,000, Above Poverty",0.0,0.0,0.23885118552849383,0,0,0.7611488144715062
55 - 64 Years,12 Years,"> $75,000",0.0,0.0,0.3521673252794574,0,0,0.6478326747205426
18 - 34 Years,Some College,"<= $75,000, Above Poverty",0.0,1.0,0.2746536278932566,0,0,0.7253463721067435
45 - 54 Years,College Graduate,"> $75,000",0.0,1.0,0.6407546392707404,1,0,0.3592453607292596
45 - 54 Years,College Graduate,"> $75,000",0.0,0.0,0.24190775686723423,0,0,0.7580922431327658
65+ Years,< 12 Years,"<= $75,000, Above Poverty",0.0,0.0,0.19883775352210786,0,0,0.8011622464778921
18 - 34 Years,College Graduate,Below Poverty,0.0,0.0,0.5142105027214885,1,0,0.4857894972785115
55 - 64 Years,College Graduate,"> $75,000",1.0,0.0,0.747708943922207,1,0,0.252291056077793
18 - 34 Years,College Graduate,"> $75,000",1.0,0.0,0.7542428426564229,1,1,0.24575715734357706
55 - 64 Years,12 Years,"<= $75,000, Above Poverty",1.0,0.0,0.8463228296084103,1,1,0.15367717039158968
55 - 64 Years,< 12 Years,"> $75,000",0.0,0.0,0.08836801517689644,0,0,0.9116319848231036
65+ Years,College Graduate,"> $75,000",0.0,1.0,0.6743793027169145,1,0,0.3256206972830855
18 - 34 Years,Some College,"<= $75,000, Above Poverty",1.0,0.0,0.8981810079734436,1,1,0.10181899202655642
18 - 34 Years,College Graduate,"> $75,000",0.0,0.0,0.36207133909006894,0,0,0.6379286609099311
35 - 44 Years,College Graduate,"<= $75,000, Above Poverty",0.0,1.0,0.6526544244244845,1,0,0.3473455755755155
35 - 44 Years,College Graduate,"<= $75,000, Above Poverty",0.0,0.0,0.2763533646119605,0,0,0.7236466353880395
18 - 34 Years,Some College,"> $75,000",0.0,0.0,0.07696284466858787,0,0,0.9230371553314122
65+ Years,< 12 Years,Below Poverty,0.0,0.0,0.05842076759864804,0,0,0.941579232401352
65+ Years,College Graduate,"> $75,000",0.0,0.0,0.49210474412377864,1,0,0.5078952558762213
18 - 34 Years,Some College,"> $75,000",1.0,0.0,0.9009636341305197,1,0,0.09903636586948028
65+ Years,College Graduate,"<= $75,000, Above Poverty",1.0,1.0,0.9789975984402347,1,1,0.021002401559765294
65+ Years,12 Years,"<= $75,000, Above Poverty",0.0,0.0,0.526114368477168,1,0,0.47388563152283203
45 - 54 Years,College Graduate,"<= $75,000, Above Poverty",1.0,0.0,0.5088941334941051,1,0,0.49110586650589494
18 - 34 Years,12 Years,Below Poverty,0.0,0.0,0.44184171369577735,1,0,0.5581582863042227
45 - 54 Years,12 Years,Below Poverty,1.0,0.0,0.718340364103121,1,1,0.28165963589687903
18 - 34 Years,Some College,"<= $75,000, Above Poverty",0.0,0.0,0.42778034070926746,1,0,0.5722196592907325
18 - 34 Years,College Graduate,"<= $75,000, Above Poverty",0.0,0.0,0.20426268955024465,0,0,0.7957373104497554
65+ Years,< 12 Years,"<= $75,000, Above Poverty",0.0,0.0,0.29970226277032735,0,0,0.7002977372296726
18 - 34 Years,College Graduate,"> $75,000",0.0,0.0,0.32369297461729996,0,0,0.6763070253827
18 - 34 Years,Some College,"<= $75,000, Above Poverty",1.0,0.0,0.6403635676525344,1,1,0.35963643234746556
18 - 34 Years,12 Years,"<= $75,000, Above Poverty",0.0,0.0,0.1898067146277193,0,0,0.8101932853722806
18 - 34 Years,College Graduate,"<= $75,000, Above Poverty",0.0,0.0,0.6658193133937546,1,0,0.33418068660624545
55 - 64 Years,College Graduate,"> $75,000",0.0,0.0,0.41996019915990995,1,0,0.58003980084009
55 - 64 Years,12 Years,"<= $75,000, Above Poverty",0.0,0.0,0.32644469287849465,0,0,0.6735553071215054
45 - 54 Years,Some College,"<= $75,000, Above Poverty",0.0,0.0,0.4745535745136746,1,0,0.5254464254863254
55 - 64 Years,12 Years,"<= $75,000, Above Poverty",0.0,0.0,0.4245066293290243,1,0,0.5754933706709757
18 - 34 Years,College Graduate,"<= $75,000, Above Poverty",0.0,0.0,0.2605126533419087,0,0,0.7394873466580913
45 - 54 Years,12 Years,"> $75,000",0.0,0.0,0.2603491750379206,0,0,0.7396508249620795
65+ Years,Some College,"<= $75,000, Above Poverty",0.0,0.0,0.5744341948790528,1,1,0.4255658051209472
45 - 54 Years,College Graduate,"<= $75,000, Above Poverty",0.0,0.0,0.39276994975413676,0,1,0.6072300502458632
55 - 64 Years,12 Years,"<= $75,000, Above Poverty",0.0,0.0,0.41731249749370863,1,0,0.5826875025062914
35 - 44 Years,College Graduate,"> $75,000",0.0,0.0,0.8031898479945111,1,0,0.1968101520054889
65+ Years,< 12 Years,"<= $75,000, Above Poverty",0.0,0.0,0.13855664202364432,0,0,0.8614433579763556
18 - 34 Years,College Graduate,"<= $75,000, Above Poverty",1.0,0.0,0.9380757712720565,1,1,0.06192422872794345
18 - 34 Years,College Graduate,Below Poverty,1.0,1.0,0.9656138176484437,1,0,0.03438618235155633
55 - 64 Years,Some College,"> $75,000",0.0,0.0,0.21318113645368467,0,0,0.7868188635463154
18 - 34 Years,College Graduate,"<= $75,000, Above Poverty",0.0,0.0,0.47285975623542753,1,0,0.5271402437645725
45 - 54 Years,Some College,"> $75,000",0.0,0.0,0.6240183879874377,1,0,0.3759816120125623
55 - 64 Years,12 Years,"<= $75,000, Above Poverty",0.0,0.0,0.09918111834621261,0,0,0.9008188816537874
65+ Years,College Graduate,"<= $75,000, Above Poverty",0.0,0.0,0.12986826196965431,0,0,0.8701317380303457
65+ Years,12 Years,"<= $75,000, Above Poverty",0.0,0.0,0.35363131292959127,0,0,0.6463686870704087
35 - 44 Years,College Graduate,"> $75,000",1.0,0.0,0.6524933289957201,1,0,0.3475066710042799
65+ Years,College Graduate,"<= $75,000, Above Poverty",0.0,0.0,0.3531762802414015,0,0,0.6468237197585984
45 - 54 Years,College Graduate,Below Poverty,0.0,0.0,0.32729627381901116,0,0,0.6727037261809888
18 - 34 Years,12 Years,Below Poverty,0.0,0.0,0.323103484029053,0,0,0.676896515970947
45 - 54 Years,12 Years,"> $75,000",0.0,0.0,0.18801101845874843,0,0,0.8119889815412515
45 - 54 Years,Some College,"> $75,000",0.0,0.0,0.19379703138105628,0,0,0.8062029686189437
18 - 34 Years,12 Years,"<= $75,000, Above Poverty",0.0,0.0,0.2415020113965424,0,0,0.7584979886034576
45 - 54 Years,Some College,"<= $75,000, Above Poverty",1.0,0.0,0.1590121311114866,0,0,0.8409878688885134
55 - 64 Years,Some College,"<= $75,000, Above Poverty",1.0,1.0,0.9457040457300702,1,1,0.054295954269929836
55 - 64 Years,Some College,Below Poverty,1.0,1.0,0.8632248130627251,1,0,0.13677518693727486
65+ Years,< 12 Years,"<= $75,000, Above Poverty",0.0,0.0,0.31447784112484817,0,0,0.6855221588751519
65+ Years,College Graduate,"<= $75,000, Above Poverty",0.0,0.0,0.8486880097353416,1,0,0.15131199026465836
65+ Years,12 Years,"<= $75,000, Above Poverty",0.0,0.0,0.22734059107146298,0,0,0.772659408928537
45 - 54 Years,Some College,"<= $75,000, Above Poverty",1.0,1.0,0.9101873223856981,1,1,0.0898126776143019
45 - 54 Years,12 Years,"<= $75,000, Above Poverty",1.0,0.0,0.8218290065696229,1,0,0.17817099343037712
45 - 54 Years,College Graduate,"<= $75,000, Above Poverty",0.0,0.0,0.4754652949835009,1,0,0.5245347050164991
65+ Years,College Graduate,"<= $75,000, Above Poverty",0.0,0.0,0.0969046705286869,0,0,0.9030953294713131
35 - 44 Years,< 12 Years,"<= $75,000, Above Poverty",0.0,0.0,0.1423126121298917,0,0,0.8576873878701083
65+ Years,12 Years,"<= $75,000, Above Poverty",0.0,0.0,0.2255686336680101,0,0,0.77443136633199
55 - 64 Years,Some College,"<= $75,000, Above Poverty",0.0,0.0,0.39197311968078535,0,0,0.6080268803192146
65+ Years,< 12 Years,"<= $75,000, Above Poverty",0.0,0.0,0.187448351246651,0,0,0.8125516487533491
55 - 64 Years,College Graduate,"> $75,000",0.0,0.0,0.40123937669389653,1,0,0.5987606233061035
18 - 34 Years,12 Years,"<= $75,000, Above Poverty",0.0,0.0,0.11537231948921625,0,0,0.8846276805107838
45 - 54 Years,12 Years,"> $75,000",0.0,0.0,0.2173173270033791,0,0,0.7826826729966209
45 - 54 Years,College Graduate,"<= $75,000, Above Poverty",0.0,0.0,0.4142751916393094,1,0,0.5857248083606905
65+ Years,12 Years,"<= $75,000, Above Poverty",1.0,0.0,0.9192211646525332,1,1,0.08077883534746677
35 - 44 Years,College Graduate,"> $75,000",1.0,0.0,0.721698190737434,1,1,0.278301809262566
65+ Years,College Graduate,"<= $75,000, Above Poverty",0.0,0.0,0.5195426282073946,1,0,0.4804573717926054
35 - 44 Years,College Graduate,"> $75,000",1.0,1.0,0.925118632994786,1,1,0.07488136700521397
55 - 64 Years,12 Years,"<= $75,000, Above Poverty",0.0,0.0,0.15571043504157273,0,0,0.8442895649584272
55 - 64 Years,College Graduate,"<= $75,000, Above Poverty",0.0,0.0,0.5483648042865792,1,0,0.4516351957134208
45 - 54 Years,College Graduate,"> $75,000",0.0,0.0,0.2586763981872609,0,0,0.7413236018127392
55 - 64 Years,College Graduate,"<= $75,000, Above Poverty",1.0,0.0,0.8652789817365393,1,1,0.13472101826346072
18 - 34 Years,Some College,"> $75,000",0.0,0.0,0.3306522389506547,0,0,0.6693477610493452
65+ Years,< 12 Years,"<= $75,000, Above Poverty",0.0,0.0,0.14553985307483605,0,0,0.8544601469251639
45 - 54 Years,College Graduate,"> $75,000",0.0,1.0,0.5132297909466628,1,0,0.48677020905333723
65+ Years,12 Years,"<= $75,000, Above Poverty",0.0,0.0,0.4417476826241204,1,0,0.5582523173758795
65+ Years,College Graduate,"<= $75,000, Above Poverty",0.0,0.0,0.624684421002264,1,0,0.37531557899773604
65+ Years,Some College,Below Poverty,0.0,0.0,0.3073411790093531,0,0,0.6926588209906469
18 - 34 Years,12 Years,Below Poverty,0.0,0.0,0.0444467220968891,0,0,0.9555532779031108
18 - 34 Years,12 Years,"<= $75,000, Above Poverty",0.0,1.0,0.7190190993131721,1,1,0.2809809006868279
18 - 34 Years,12 Years,"<= $75,000, Above Poverty",0.0,0.0,0.11021370413267556,0,0,0.8897862958673244
65+ Years,College Graduate,"<= $75,000, Above Poverty",0.0,0.0,0.3895377606393166,0,1,0.6104622393606833
45 - 54 Years,College Graduate,"<= $75,000, Above Poverty",0.0,0.0,0.30439649482903736,0,0,0.6956035051709626
55 - 64 Years,< 12 Years,Below Poverty,0.0,0.0,0.1735764231603465,0,0,0.8264235768396535
35 - 44 Years,Some College,"<= $75,000, Above Poverty",0.0,0.0,0.10186412663428937,0,0,0.8981358733657107
18 - 34 Years,College Graduate,"<= $75,000, Above Poverty",1.0,0.0,0.706131587840653,1,1,0.293868412159347
45 - 54 Years,Some College,Below Poverty,0.0,0.0,0.14791093185950796,0,0,0.852089068140492
65+ Years,12 Years,"<= $75,000, Above Poverty",1.0,0.0,0.6774299510621518,1,1,0.32257004893784824
35 - 44 Years,College Graduate,"<= $75,000, Above Poverty",0.0,0.0,0.182308942006313,0,0,0.817691057993687
65+ Years,Some College,"<= $75,000, Above Poverty",0.0,0.0,0.3422161866397829,0,0,0.6577838133602171
18 - 34 Years,Some College,"<= $75,000, Above Poverty",0.0,0.0,0.353644469054769,0,0,0.646355530945231
18 - 34 Years,Some College,"<= $75,000, Above Poverty",0.0,0.0,0.16146251453292026,0,0,0.8385374854670797
65+ Years,College Graduate,"<= $75,000, Above Poverty",0.0,0.0,0.23249752105116805,0,0,0.767502478948832
18 - 34 Years,College Graduate,"> $75,000",1.0,0.0,0.8297735880355745,1,1,0.17022641196442545
35 - 44 Years,College Graduate,"> $75,000",0.0,0.0,0.2946505505199811,0,0,0.7053494494800189
35 - 44 Years,College Graduate,"<= $75,000, Above Poverty",0.0,0.0,0.33176284275164547,0,0,0.6682371572483545
55 - 64 Years,12 Years,"<= $75,000, Above Poverty",0.0,0.0,0.18505002204356305,0,0,0.814949977956437
65+ Years,12 Years,"<= $75,000, Above Poverty",0.0,0.0,0.33317466946178387,0,0,0.6668253305382161
55 - 64 Years,College Graduate,"> $75,000",0.0,1.0,0.8728850883400838,1,0,0.12711491165991617
55 - 64 Years,College Graduate,"<= $75,000, Above Poverty",0.0,1.0,0.39948223600028654,0,0,0.6005177639997135
65+ Years,College Graduate,"<= $75,000, Above Poverty",1.0,0.0,0.7559464382368836,1,0,0.24405356176311643
55 - 64 Years,College Graduate,"<= $75,000, Above Poverty",1.0,0.0,0.9636569491188812,1,1,0.03634305088111878
65+ Years,12 Years,"<= $75,000, Above Poverty",0.0,0.0,0.19299499035941312,0,0,0.8070050096405869
18 - 34 Years,Some College,"<= $75,000, Above Poverty",1.0,0.0,0.3898388181291421,0,0,0.6101611818708579
18 - 34 Years,12 Years,Below Poverty,1.0,1.0,0.9473718438213924,1,1,0.05262815617860761
18 - 34 Years,12 Years,Below Poverty,0.0,0.0,0.03719955010540169,0,0,0.9628004498945983
35 - 44 Years,College Graduate,"> $75,000",1.0,1.0,0.8774073795654196,1,0,0.12259262043458041
55 - 64 Years,12 Years,"<= $75,000, Above Poverty",0.0,0.0,0.28242586883196924,0,0,0.7175741311680308
45 - 54 Years,Some College,"<= $75,000, Above Poverty",0.0,0.0,0.0748709549447894,0,0,0.9251290450552105
18 - 34 Years,Some College,Below Poverty,0.0,0.0,0.23993802893696298,0,0,0.760061971063037
65+ Years,Some College,"<= $75,000, Above Poverty",0.0,0.0,0.4905536026475286,1,0,0.5094463973524714
45 - 54 Years,Some College,"<= $75,000, Above Poverty",0.0,0.0,0.1771955829655572,0,0,0.8228044170344428
65+ Years,< 12 Years,"<= $75,000, Above Poverty",1.0,0.0,0.8514366142525879,1,1,0.14856338574741212
65+ Years,< 12 Years,Below Poverty,0.0,0.0,0.5821464451674391,1,0,0.4178535548325609
55 - 64 Years,College Graduate,"<= $75,000, Above Poverty",0.0,0.0,0.26345924093984374,0,0,0.7365407590601563
65+ Years,College Graduate,"> $75,000",0.0,1.0,0.9163403441729745,1,1,0.0836596558270255
45 - 54 Years,Some College,"<= $75,000, Above Poverty",0.0,0.0,0.2837225810513692,0,0,0.7162774189486307
45 - 54 Years,12 Years,Below Poverty,1.0,0.0,0.7505099781777327,1,0,0.24949002182226732
35 - 44 Years,Some College,"<= $75,000, Above Poverty",0.0,0.0,0.14385689087406528,0,0,0.8561431091259347
35 - 44 Years,College Graduate,"> $75,000",0.0,0.0,0.3507521594085599,0,0,0.6492478405914401
45 - 54 Years,College Graduate,"> $75,000",1.0,0.0,0.6478078728919054,1,0,0.35219212710809455
65+ Years,< 12 Years,Below Poverty,0.0,0.0,0.5105256473296844,1,1,0.4894743526703156
45 - 54 Years,Some College,"<= $75,000, Above Poverty",1.0,0.0,0.9088662631340819,1,1,0.09113373686591808
65+ Years,12 Years,"<= $75,000, Above Poverty",0.0,0.0,0.337760579750844,0,0,0.6622394202491559
18 - 34 Years,12 Years,"<= $75,000, Above Poverty",0.0,0.0,0.4111531909710467,1,1,0.5888468090289534
18 - 34 Years,College Graduate,"<= $75,000, Above Poverty",0.0,0.0,0.18702582755807473,0,0,0.8129741724419253
18 - 34 Years,Some College,"<= $75,000, Above Poverty",0.0,0.0,0.2343560738548246,0,0,0.7656439261451754
45 - 54 Years,College Graduate,"> $75,000",0.0,0.0,0.495216377391609,1,0,0.504783622608391
35 - 44 Years,12 Years,"<= $75,000, Above Poverty",0.0,0.0,0.058530488193360396,0,0,0.9414695118066396
35 - 44 Years,Some College,Below Poverty,0.0,0.0,0.3122592810588629,0,0,0.6877407189411371
65+ Years,College Graduate,"<= $75,000, Above Poverty",0.0,0.0,0.3752587933796803,0,0,0.6247412066203197
18 - 34 Years,Some College,"<= $75,000, Above Poverty",0.0,0.0,0.1575699232946272,0,0,0.8424300767053727
55 - 64 Years,12 Years,"> $75,000",0.0,0.0,0.3720165425413006,0,0,0.6279834574586993
45 - 54 Years,College Graduate,"<= $75,000, Above Poverty",0.0,0.0,0.2738263702044135,0,0,0.7261736297955865
35 - 44 Years,Some College,"<= $75,000, Above Poverty",0.0,0.0,0.13428150725799798,0,0,0.8657184927420021
35 - 44 Years,Some College,"<= $75,000, Above Poverty",0.0,0.0,0.04105160427873058,0,0,0.9589483957212694
55 - 64 Years,12 Years,"<= $75,000, Above Poverty",0.0,0.0,0.15473852427559293,0,0,0.845261475724407
45 - 54 Years,Some College,"<= $75,000, Above Poverty",1.0,0.0,0.701948177949953,1,1,0.298051822050047
65+ Years,Some College,"<= $75,000, Above Poverty",0.0,0.0,0.2494876570929261,0,1,0.7505123429070739
45 - 54 Years,College Graduate,"<= $75,000, Above Poverty",0.0,0.0,0.5530754067008294,1,0,0.44692459329917056
55 - 64 Years,College Graduate,"<= $75,000, Above Poverty",0.0,0.0,0.2813673758625057,0,0,0.7186326241374943
35 - 44 Years,College Graduate,"<= $75,000, Above Poverty",1.0,0.0,0.4264788898987189,1,0,0.5735211101012812
55 - 64 Years,College Graduate,"<= $75,000, Above Poverty",1.0,0.0,0.9409495072071261,1,1,0.05905049279287389
65+ Years,< 12 Years,"<= $75,000, Above Poverty",1.0,0.0,0.8270462600681058,1,0,0.17295373993189422
65+ Years,12 Years,"<= $75,000, Above Poverty",0.0,1.0,0.4737078104267728,1,0,0.5262921895732272
45 - 54 Years,Some College,"<= $75,000, Above Poverty",0.0,0.0,0.2555821475078292,0,0,0.7444178524921707
55 - 64 Years,12 Years,"<= $75,000, Above Poverty",0.0,0.0,0.16222599143977695,0,0,0.837774008560223
35 - 44 Years,< 12 Years,"<= $75,000, Above Poverty",0.0,0.0,0.3125089908624345,0,0,0.6874910091375654
65+ Years,12 Years,"<= $75,000, Above Poverty",0.0,0.0,0.2800342731230526,0,0,0.7199657268769474
65+ Years,12 Years,"<= $75,000, Above Poverty",0.0,0.0,0.31647345095303714,0,0,0.6835265490469629
55 - 64 Years,College Graduate,"<= $75,000, Above Poverty",0.0,0.0,0.42344068414372066,1,0,0.5765593158562794
18 - 34 Years,College Graduate,"<= $75,000, Above Poverty",0.0,0.0,0.2574108840892593,0,0,0.7425891159107407
45 - 54 Years,< 12 Years,Below Poverty,0.0,0.0,0.3988281202185315,0,0,0.6011718797814685
55 - 64 Years,College Graduate,"> $75,000",0.0,0.0,0.2434984418402068,0,0,0.7565015581597931
18 - 34 Years,College Graduate,Below Poverty,0.0,0.0,0.19726337740347832,0,0,0.8027366225965217
35 - 44 Years,Some College,"> $75,000",1.0,0.0,0.7043400263741226,1,0,0.29565997362587737
35 - 44 Years,College Graduate,"> $75,000",0.0,0.0,0.4173655340160233,1,0,0.5826344659839767
18 - 34 Years,12 Years,"> $75,000",0.0,0.0,0.26390813791908496,0,0,0.736091862080915
65+ Years,12 Years,"<= $75,000, Above Poverty",0.0,0.0,0.24690946141824582,0,0,0.7530905385817541
55 - 64 Years,Some College,"<= $75,000, Above Poverty",0.0,0.0,0.15044678355141006,0,1,0.8495532164485899
65+ Years,12 Years,"<= $75,000, Above Poverty",0.0,0.0,0.2025643125130717,0,0,0.7974356874869283
18 - 34 Years,Some College,"> $75,000",0.0,0.0,0.09505965972716104,0,0,0.904940340272839
65+ Years,Some College,"<= $75,000, Above Poverty",0.0,0.0,0.1722511726658217,0,0,0.8277488273341783
55 - 64 Years,College Graduate,"<= $75,000, Above Poverty",0.0,1.0,0.6517500212712868,1,0,0.3482499787287132
45 - 54 Years,College Graduate,"> $75,000",0.0,0.0,0.3176616887724198,0,0,0.6823383112275803
18 - 34 Years,College Graduate,"> $75,000",1.0,0.0,0.6587250658093415,1,0,0.34127493419065846
18 - 34 Years,Some College,"<= $75,000, Above Poverty",0.0,0.0,0.07737589647768,0,0,0.9226241035223199
45 - 54 Years,College Graduate,"<= $75,000, Above Poverty",0.0,0.0,0.2158740765572894,0,0,0.7841259234427106
45 - 54 Years,< 12 Years,"<= $75,000, Above Poverty",0.0,0.0,0.19694863526704687,0,0,0.8030513647329531
35 - 44 Years,Some College,"<= $75,000, Above Poverty",1.0,0.0,0.7464082440641616,1,1,0.2535917559358384
35 - 44 Years,< 12 Years,"<= $75,000, Above Poverty",0.0,0.0,0.12258936478563884,0,0,0.8774106352143611
45 - 54 Years,12 Years,"<= $75,000, Above Poverty",1.0,0.0,0.6774231263994795,1,0,0.32257687360052045
55 - 64 Years,Some College,Below Poverty,0.0,0.0,0.4823816630734036,1,0,0.5176183369265964
55 - 64 Years,College Graduate,"> $75,000",1.0,0.0,0.8456501792310391,1,0,0.15434982076896087
35 - 44 Years,12 Years,"<= $75,000, Above Poverty",0.0,0.0,0.5309895174790036,1,1,0.4690104825209964
45 - 54 Years,< 12 Years,Below Poverty,0.0,0.0,0.23900617510791525,0,1,0.7609938248920848
55 - 64 Years,College Graduate,"<= $75,000, Above Poverty",0.0,0.0,0.4872021868288003,1,1,0.5127978131711997
35 - 44 Years,College Graduate,"> $75,000",0.0,0.0,0.3786579544710564,0,0,0.6213420455289436
35 - 44 Years,12 Years,Below Poverty,0.0,0.0,0.16858865036084741,0,0,0.8314113496391526
45 - 54 Years,Some College,"<= $75,000, Above Poverty",1.0,0.0,0.7919695292386913,1,1,0.20803047076130865
65+ Years,Some College,"> $75,000",0.0,0.0,0.15024650843692303,0,0,0.849753491563077
35 - 44 Years,College Graduate,"> $75,000",0.0,0.0,0.21998699615049702,0,0,0.780013003849503
55 - 64 Years,Some College,"<= $75,000, Above Poverty",0.0,0.0,0.2755548588396366,0,0,0.7244451411603634
45 - 54 Years,College Graduate,"<= $75,000, Above Poverty",0.0,0.0,0.1812659759144279,0,0,0.818734024085572
65+ Years,College Graduate,"<= $75,000, Above Poverty",1.0,0.0,0.9326014301357364,1,1,0.06739856986426362
55 - 64 Years,12 Years,"<= $75,000, Above Poverty",1.0,0.0,0.61886650529353,1,0,0.38113349470646996
65+ Years,Some College,"<= $75,000, Above Poverty",1.0,0.0,0.2670295426443441,0,0,0.7329704573556559
65+ Years,College Graduate,"<= $75,000, Above Poverty",0.0,0.0,0.3542367074962197,0,0,0.6457632925037803
35 - 44 Years,12 Years,"> $75,000",0.0,0.0,0.2506332635433039,0,0,0.749366736456696
45 - 54 Years,12 Years,"<= $75,000, Above Poverty",0.0,0.0,0.10966107130544127,0,0,0.8903389286945588
18 - 34 Years,College Graduate,"<= $75,000, Above Poverty",0.0,0.0,0.14438566733519037,0,0,0.8556143326648096
35 - 44 Years,12 Years,"<= $75,000, Above Poverty",0.0,0.0,0.04146909978622221,0,0,0.9585309002137778
55 - 64 Years,College Graduate,"<= $75,000, Above Poverty",0.0,1.0,0.7408650524651227,1,0,0.2591349475348773
45 - 54 Years,12 Years,"> $75,000",0.0,0.0,0.23905745430541409,0,0,0.760942545694586
55 - 64 Years,College Graduate,"> $75,000",0.0,0.0,0.3675356528257029,0,0,0.6324643471742971
45 - 54 Years,12 Years,"<= $75,000, Above Poverty",1.0,0.0,0.7396592643829673,1,0,0.26034073561703275
35 - 44 Years,College Graduate,"> $75,000",0.0,0.0,0.33630263394794885,0,0,0.6636973660520511
55 - 64 Years,< 12 Years,"<= $75,000, Above Poverty",0.0,0.0,0.35881287887439023,0,1,0.6411871211256097
45 - 54 Years,12 Years,"<= $75,000, Above Poverty",0.0,0.0,0.3666641237983354,0,0,0.6333358762016645
65+ Years,12 Years,Below Poverty,0.0,0.0,0.5308535107485336,1,1,0.4691464892514664
55 - 64 Years,College Graduate,"> $75,000",0.0,0.0,0.31314902776106174,0,0,0.6868509722389382
45 - 54 Years,12 Years,"<= $75,000, Above Poverty",0.0,0.0,0.20151526369816986,0,0,0.7984847363018301
65+ Years,Some College,"<= $75,000, Above Poverty",1.0,0.0,0.779034416747648,1,1,0.22096558325235205
65+ Years,12 Years,"<= $75,000, Above Poverty",0.0,0.0,0.14649167508536637,0,0,0.8535083249146336
65+ Years,College Graduate,"<= $75,000, Above Poverty",0.0,0.0,0.30146175507442724,0,0,0.6985382449255728
65+ Years,< 12 Years,Below Poverty,0.0,0.0,0.11574460570953045,0,0,0.8842553942904695
65+ Years,College Graduate,"<= $75,000, Above Poverty",1.0,0.0,0.7343812663781505,1,1,0.2656187336218495
35 - 44 Years,College Graduate,"<= $75,000, Above Poverty",1.0,0.0,0.8687432340019476,1,1,0.13125676599805236
55 - 64 Years,College Graduate,"<= $75,000, Above Poverty",0.0,0.0,0.40076057603331766,1,1,0.5992394239666823
65+ Years,Some College,"<= $75,000, Above Poverty",0.0,0.0,0.2305435590684295,0,0,0.7694564409315705
65+ Years,< 12 Years,"<= $75,000, Above Poverty",0.0,0.0,0.16761563919018926,0,0,0.8323843608098107
55 - 64 Years,College Graduate,"> $75,000",0.0,0.0,0.5087633580115951,1,0,0.4912366419884049
35 - 44 Years,Some College,"> $75,000",0.0,0.0,0.28313822525168514,0,0,0.7168617747483148
65+ Years,Some College,"<= $75,000, Above Poverty",0.0,0.0,0.3801887586342091,0,0,0.6198112413657909
45 - 54 Years,Some College,"<= $75,000, Above Poverty",0.0,1.0,0.410447628766763,1,0,0.589552371233237
35 - 44 Years,College Graduate,"<= $75,000, Above Poverty",0.0,1.0,0.54824170752347,1,0,0.45175829247653
18 - 34 Years,Some College,Below Poverty,0.0,0.0,0.340427902000999,0,0,0.659572097999001
18 - 34 Years,< 12 Years,"<= $75,000, Above Poverty",0.0,0.0,0.3968915033715607,0,0,0.6031084966284392
55 - 64 Years,College Graduate,"<= $75,000, Above Poverty",1.0,1.0,0.9436862912671716,1,0,0.05631370873282837
45 - 54 Years,College Graduate,"<= $75,000, Above Poverty",1.0,0.0,0.36523514456073936,0,1,0.6347648554392606
55 - 64 Years,12 Years,"<= $75,000, Above Poverty",0.0,0.0,0.10171089556672916,0,0,0.8982891044332708
65+ Years,College Graduate,"> $75,000",0.0,0.0,0.4916599945123811,1,0,0.5083400054876188
65+ Years,12 Years,"<= $75,000, Above Poverty",0.0,0.0,0.31831499528189366,0,0,0.6816850047181063
35 - 44 Years,College Graduate,"> $75,000",0.0,0.0,0.24050616678626788,0,0,0.7594938332137321
18 - 34 Years,College Graduate,"> $75,000",1.0,0.0,0.7806979020718928,1,1,0.21930209792810718
55 - 64 Years,College Graduate,"> $75,000",1.0,0.0,0.8518317026726597,1,1,0.14816829732734027
65+ Years,< 12 Years,"<= $75,000, Above Poverty",1.0,0.0,0.9189677483690092,1,1,0.08103225163099081
65+ Years,Some College,"<= $75,000, Above Poverty",0.0,0.0,0.2643049190666629,0,0,0.7356950809333371
18 - 34 Years,Some College,"<= $75,000, Above Poverty",0.0,1.0,0.6169057727425785,1,0,0.3830942272574215
65+ Years,Some College,"<= $75,000, Above Poverty",1.0,0.0,0.864432480662436,1,0,0.13556751933756395
45 - 54 Years,12 Years,"> $75,000",0.0,1.0,0.5761021168661877,1,0,0.42389788313381227
55 - 64 Years,College Graduate,"<= $75,000, Above Poverty",0.0,0.0,0.46575549550807455,1,0,0.5342445044919255
35 - 44 Years,College Graduate,"<= $75,000, Above Poverty",0.0,0.0,0.34014803081798806,0,0,0.6598519691820119
55 - 64 Years,College Graduate,"> $75,000",0.0,0.0,0.43695642883909863,1,0,0.5630435711609014
45 - 54 Years,12 Years,Below Poverty,0.0,0.0,0.28504949870677776,0,1,0.7149505012932222
18 - 34 Years,Some College,"> $75,000",0.0,0.0,0.5261399533161046,1,0,0.47386004668389536
55 - 64 Years,12 Years,"<= $75,000, Above Poverty",0.0,0.0,0.30181822649898926,0,0,0.6981817735010107
55 - 64 Years,College Graduate,"<= $75,000, Above Poverty",1.0,0.0,0.9359570477350262,1,0,0.06404295226497381
18 - 34 Years,College Graduate,"<= $75,000, Above Poverty",0.0,0.0,0.33319653253317283,0,0,0.6668034674668272
55 - 64 Years,12 Years,"<= $75,000, Above Poverty",0.0,0.0,0.267682471789819,0,0,0.732317528210181
55 - 64 Years,College Graduate,"> $75,000",0.0,0.0,0.49084287976813235,1,0,0.5091571202318677
35 - 44 Years,College Graduate,"<= $75,000, Above Poverty",0.0,0.0,0.058780473857719374,0,0,0.9412195261422807
65+ Years,12 Years,"<= $75,000, Above Poverty",0.0,0.0,0.2934622564009695,0,0,0.7065377435990305
65+ Years,Some College,"<= $75,000, Above Poverty",0.0,0.0,0.36595733953127074,0,0,0.6340426604687293
45 - 54 Years,College Graduate,"> $75,000",0.0,1.0,0.5141375718490143,1,0,0.4858624281509857
55 - 64 Years,12 Years,"<= $75,000, Above Poverty",0.0,0.0,0.2369852990061536,0,0,0.7630147009938464
55 - 64 Years,Some College,"> $75,000",1.0,0.0,0.828186083413841,1,0,0.17181391658615897
18 - 34 Years,12 Years,"<= $75,000, Above Poverty",0.0,0.0,0.11531529480164315,0,0,0.8846847051983568
35 - 44 Years,College Graduate,"> $75,000",1.0,0.0,0.7331774631709892,1,1,0.2668225368290108
55 - 64 Years,Some College,"<= $75,000, Above Poverty",0.0,0.0,0.31431602289437105,0,0,0.6856839771056289
65+ Years,Some College,"<= $75,000, Above Poverty",0.0,0.0,0.6137654910653345,1,0,0.3862345089346655
65+ Years,Some College,"<= $75,000, Above Poverty",0.0,0.0,0.28372443361340216,0,0,0.7162755663865978
45 - 54 Years,College Graduate,"<= $75,000, Above Poverty",0.0,0.0,0.43808567220479505,1,0,0.561914327795205
65+ Years,College Graduate,"> $75,000",0.0,1.0,0.6167929751894541,1,0,0.3832070248105459
35 - 44 Years,12 Years,"<= $75,000, Above Poverty",0.0,0.0,0.25685037391658566,0,0,0.7431496260834143
55 - 64 Years,College Graduate,"> $75,000",1.0,0.0,0.8128865112702094,1,0,0.1871134887297906
45 - 54 Years,College Graduate,"> $75,000",0.0,0.0,0.47919146332903906,1,0,0.5208085366709609
65+ Years,< 12 Years,Below Poverty,0.0,0.0,0.11291473138365067,0,0,0.8870852686163493
55 - 64 Years,Some College,"<= $75,000, Above Poverty",0.0,0.0,0.26422385501087575,0,0,0.7357761449891242
55 - 64 Years,College Graduate,"> $75,000",0.0,0.0,0.6142418568350814,1,0,0.38575814316491863
45 - 54 Years,12 Years,"<= $75,000, Above Poverty",0.0,0.0,0.19920712096442492,0,0,0.8007928790355751
65+ Years,12 Years,"<= $75,000, Above Poverty",0.0,0.0,0.5180277945502431,1,0,0.48197220544975694
45 - 54 Years,Some College,"<= $75,000, Above Poverty",0.0,0.0,0.5197185442115978,1,0,0.4802814557884022
65+ Years,College Graduate,"<= $75,000, Above Poverty",0.0,0.0,0.4209777943249173,1,0,0.5790222056750827
65+ Years,12 Years,"> $75,000",0.0,0.0,0.4304093890998796,1,1,0.5695906109001204
55 - 64 Years,College Graduate,"<= $75,000, Above Poverty",0.0,0.0,0.20606577408149357,0,0,0.7939342259185065
18 - 34 Years,< 12 Years,Below Poverty,0.0,0.0,0.7727453064426576,1,0,0.2272546935573424
65+ Years,College Graduate,"<= $75,000, Above Poverty",0.0,0.0,0.44882875454094007,1,1,0.5511712454590599
55 - 64 Years,Some College,"<= $75,000, Above Poverty",1.0,1.0,0.8150399447012021,1,0,0.1849600552987979
65+ Years,College Graduate,"> $75,000",0.0,0.0,0.35199888506192023,0,0,0.6480011149380798
65+ Years,College Graduate,"> $75,000",0.0,0.0,0.33763992396515746,0,1,0.6623600760348425
35 - 44 Years,College Graduate,"> $75,000",0.0,0.0,0.34190508509108186,0,0,0.6580949149089181
45 - 54 Years,Some College,"<= $75,000, Above Poverty",1.0,1.0,0.8731366249728594,1,1,0.12686337502714062
18 - 34 Years,12 Years,"> $75,000",0.0,0.0,0.19535170320380682,0,0,0.8046482967961932
45 - 54 Years,College Graduate,"<= $75,000, Above Poverty",0.0,0.0,0.44030491507858066,1,0,0.5596950849214193
35 - 44 Years,College Graduate,"> $75,000",0.0,0.0,0.11534200820059344,0,0,0.8846579917994065
45 - 54 Years,12 Years,"<= $75,000, Above Poverty",0.0,0.0,0.06367590783587485,0,0,0.9363240921641252
35 - 44 Years,College Graduate,"> $75,000",0.0,0.0,0.07524823637724272,0,0,0.9247517636227572
65+ Years,< 12 Years,"<= $75,000, Above Poverty",0.0,0.0,0.15126975742270907,0,0,0.8487302425772909
65+ Years,Some College,"<= $75,000, Above Poverty",1.0,0.0,0.41356137437136375,1,0,0.5864386256286362
55 - 64 Years,12 Years,Below Poverty,0.0,0.0,0.21701969160555545,0,0,0.7829803083944445
65+ Years,Some College,"<= $75,000, Above Poverty",0.0,0.0,0.4283976565181568,1,0,0.5716023434818431
65+ Years,Some College,"<= $75,000, Above Poverty",0.0,0.0,0.5166614241336461,1,0,0.48333857586635387
45 - 54 Years,Some College,"<= $75,000, Above Poverty",0.0,0.0,0.13326970596974802,0,0,0.8667302940302519
45 - 54 Years,College Graduate,"> $75,000",0.0,0.0,0.16765181021291733,0,0,0.8323481897870827
18 - 34 Years,Some College,"<= $75,000, Above Poverty",1.0,0.0,0.5337815719146346,1,0,0.4662184280853654
55 - 64 Years,College Graduate,"> $75,000",1.0,0.0,0.9166340551797333,1,1,0.08336594482026671
18 - 34 Years,12 Years,"> $75,000",0.0,0.0,0.3014778665216233,0,0,0.6985221334783767
65+ Years,12 Years,"<= $75,000, Above Poverty",0.0,0.0,0.3433235739150058,0,0,0.6566764260849942
55 - 64 Years,College Graduate,"<= $75,000, Above Poverty",1.0,0.0,0.7482985890615645,1,0,0.25170141093843545
35 - 44 Years,Some College,"<= $75,000, Above Poverty",0.0,0.0,0.2472677685504541,0,0,0.7527322314495459
65+ Years,College Graduate,"<= $75,000, Above Poverty",0.0,0.0,0.30443728741960197,0,0,0.695562712580398
65+ Years,College Graduate,"<= $75,000, Above Poverty",0.0,0.0,0.33670399551311087,0,0,0.6632960044868892
55 - 64 Years,College Graduate,"<= $75,000, Above Poverty",1.0,1.0,0.9610478269448646,1,1,0.03895217305513543
18 - 34 Years,College Graduate,"<= $75,000, Above Poverty",0.0,0.0,0.5260276303423901,1,0,0.4739723696576099
55 - 64 Years,College Graduate,"> $75,000",0.0,0.0,0.461220168499765,1,1,0.538779831500235
35 - 44 Years,< 12 Years,Below Poverty,0.0,0.0,0.4058038952742476,1,0,0.5941961047257525
35 - 44 Years,Some College,"> $75,000",1.0,0.0,0.6518701761991852,1,1,0.3481298238008148
55 - 64 Years,12 Years,"> $75,000",0.0,0.0,0.5161579482392586,1,0,0.48384205176074135
35 - 44 Years,Some College,"> $75,000",0.0,0.0,0.17045644287070819,0,0,0.8295435571292918
65+ Years,College Graduate,"<= $75,000, Above Poverty",0.0,0.0,0.11010408812846265,0,0,0.8898959118715374
18 - 34 Years,College Graduate,"<= $75,000, Above Poverty",0.0,1.0,0.701330011461463,1,0,0.298669988538537
55 - 64 Years,Some College,"<= $75,000, Above Poverty",1.0,0.0,0.8625246764086144,1,1,0.1374753235913856
45 - 54 Years,College Graduate,"<= $75,000, Above Poverty",0.0,0.0,0.26353491857666017,0,1,0.7364650814233398
18 - 34 Years,Some College,"<= $75,000, Above Poverty",0.0,0.0,0.22437625127421454,0,0,0.7756237487257854
18 - 34 Years,College Graduate,Below Poverty,0.0,0.0,0.1953659399412079,0,0,0.8046340600587921
35 - 44 Years,College Graduate,"> $75,000",1.0,0.0,0.8725644896606354,1,0,0.12743551033936462
65+ Years,Some College,"<= $75,000, Above Poverty",1.0,0.0,0.8950220918702422,1,1,0.10497790812975782
65+ Years,12 Years,"<= $75,000, Above Poverty",1.0,0.0,0.8908953145746358,1,1,0.10910468542536422
45 - 54 Years,College Graduate,"> $75,000",0.0,0.0,0.25030115492472266,0,0,0.7496988450752773
18 - 34 Years,College Graduate,"<= $75,000, Above Poverty",1.0,0.0,0.4472956791128684,1,0,0.5527043208871316
65+ Years,College Graduate,"<= $75,000, Above Poverty",1.0,0.0,0.7497406927897159,1,1,0.2502593072102841
18 - 34 Years,College Graduate,"<= $75,000, Above Poverty",0.0,0.0,0.2889925958468594,0,0,0.7110074041531407
65+ Years,12 Years,"> $75,000",0.0,0.0,0.35868137749456286,0,0,0.6413186225054371
55 - 64 Years,College Graduate,"> $75,000",0.0,0.0,0.4105435313915678,1,0,0.5894564686084323
55 - 64 Years,Some College,"<= $75,000, Above Poverty",0.0,0.0,0.3172934878401749,0,0,0.682706512159825
18 - 34 Years,Some College,Below Poverty,0.0,0.0,0.09237352133669252,0,0,0.9076264786633075
35 - 44 Years,College Graduate,"<= $75,000, Above Poverty",0.0,0.0,0.20629437085663843,0,0,0.7937056291433615
35 - 44 Years,College Graduate,"> $75,000",0.0,0.0,0.35202484018354735,0,0,0.6479751598164527
18 - 34 Years,Some College,"<= $75,000, Above Poverty",0.0,0.0,0.13514090088598832,0,0,0.8648590991140117
45 - 54 Years,College Graduate,"> $75,000",1.0,1.0,0.9329342730195527,1,0,0.06706572698044733
35 - 44 Years,College Graduate,"<= $75,000, Above Poverty",0.0,0.0,0.08960510212002769,0,0,0.9103948978799723
18 - 34 Years,College Graduate,"<= $75,000, Above Poverty",0.0,1.0,0.47972293867464383,1,0,0.5202770613253562
18 - 34 Years,12 Years,Below Poverty,0.0,0.0,0.18112130443406668,0,0,0.8188786955659333
65+ Years,12 Years,"<= $75,000, Above Poverty",1.0,0.0,0.8601647276070991,1,0,0.13983527239290094
65+ Years,12 Years,"<= $75,000, Above Poverty",0.0,0.0,0.21659416656511443,0,0,0.7834058334348856
55 - 64 Years,Some College,"> $75,000",0.0,0.0,0.40620956887832266,1,0,0.5937904311216773
45 - 54 Years,College Graduate,"> $75,000",1.0,0.0,0.7054543370376417,1,1,0.2945456629623583
18 - 34 Years,College Graduate,"> $75,000",0.0,0.0,0.23477574603492696,0,0,0.7652242539650731
65+ Years,College Graduate,"<= $75,000, Above Poverty",0.0,0.0,0.45516994222375473,1,0,0.5448300577762453
65+ Years,Some College,"<= $75,000, Above Poverty",0.0,0.0,0.20495540109241736,0,0,0.7950445989075826
18 - 34 Years,College Graduate,"> $75,000",1.0,0.0,0.8535619486071548,1,1,0.14643805139284516
65+ Years,Some College,"<= $75,000, Above Poverty",0.0,0.0,0.5508215581250041,1,0,0.4491784418749959
45 - 54 Years,College Graduate,"<= $75,000, Above Poverty",0.0,0.0,0.33590720923571865,0,0,0.6640927907642813
35 - 44 Years,Some College,"<= $75,000, Above Poverty",0.0,0.0,0.4685468870963796,1,1,0.5314531129036204
35 - 44 Years,College Graduate,"> $75,000",0.0,0.0,0.3867218371417814,0,0,0.6132781628582187
45 - 54 Years,Some College,"> $75,000",0.0,0.0,0.8251953506551482,1,0,0.17480464934485185
18 - 34 Years,< 12 Years,"> $75,000",0.0,0.0,0.23475973644111545,0,0,0.7652402635588845
65+ Years,12 Years,"<= $75,000, Above Poverty",0.0,0.0,0.22674139766166634,0,0,0.7732586023383337
65+ Years,College Graduate,"> $75,000",0.0,0.0,0.598381465502151,1,0,0.401618534497849
55 - 64 Years,< 12 Years,Below Poverty,0.0,1.0,0.36419941723014826,0,0,0.6358005827698517
65+ Years,College Graduate,"<= $75,000, Above Poverty",0.0,0.0,0.44358678996472245,1,0,0.5564132100352776
65+ Years,Some College,"<= $75,000, Above Poverty",0.0,0.0,0.36510703630994285,0,0,0.6348929636900571
35 - 44 Years,12 Years,"<= $75,000, Above Poverty",1.0,0.0,0.4812310715754998,1,1,0.5187689284245002
45 - 54 Years,12 Years,"<= $75,000, Above Poverty",0.0,0.0,0.3255260708109122,0,0,0.6744739291890878
65+ Years,12 Years,"<= $75,000, Above Poverty",0.0,0.0,0.6691617682590283,1,0,0.3308382317409717
45 - 54 Years,Some College,"<= $75,000, Above Poverty",0.0,0.0,0.364245561493044,0,0,0.635754438506956
45 - 54 Years,College Graduate,"> $75,000",0.0,0.0,0.18232268971528487,0,0,0.8176773102847151
65+ Years,< 12 Years,"<= $75,000, Above Poverty",0.0,0.0,0.34692750348373075,0,0,0.6530724965162693
18 - 34 Years,12 Years,"<= $75,000, Above Poverty",0.0,0.0,0.1727252280012299,0,0,0.8272747719987701
45 - 54 Years,College Graduate,"<= $75,000, Above Poverty",0.0,0.0,0.33772918670144125,0,0,0.6622708132985587
35 - 44 Years,< 12 Years,"<= $75,000, Above Poverty",0.0,0.0,0.12360776467738108,0,0,0.8763922353226189
65+ Years,College Graduate,"> $75,000",0.0,0.0,0.2749639688293797,0,0,0.7250360311706203
45 - 54 Years,12 Years,"<= $75,000, Above Poverty",1.0,0.0,0.8307517701867095,1,0,0.16924822981329046
35 - 44 Years,12 Years,"<= $75,000, Above Poverty",1.0,0.0,0.6074894991493717,1,0,0.39251050085062833
45 - 54 Years,< 12 Years,"> $75,000",0.0,1.0,0.7167484808681662,1,1,0.2832515191318338
18 - 34 Years,College Graduate,"<= $75,000, Above Poverty",1.0,0.0,0.7022703207936919,1,0,0.2977296792063081
45 - 54 Years,College Graduate,"> $75,000",0.0,0.0,0.473241062896955,1,0,0.526758937103045
65+ Years,College Graduate,"<= $75,000, Above Poverty",0.0,0.0,0.46588052868280105,1,1,0.534119471317199
45 - 54 Years,College Graduate,"<= $75,000, Above Poverty",0.0,0.0,0.36837170760768045,0,0,0.6316282923923195
18 - 34 Years,College Graduate,"<= $75,000, Above Poverty",0.0,0.0,0.2539419295020209,0,0,0.7460580704979791
65+ Years,Some College,"<= $75,000, Above Poverty",0.0,0.0,0.24517387435286747,0,0,0.7548261256471325
65+ Years,College Graduate,"<= $75,000, Above Poverty",1.0,0.0,0.9468526159125863,1,1,0.05314738408741371
65+ Years,College Graduate,"> $75,000",0.0,0.0,0.37712262068438135,0,0,0.6228773793156186
65+ Years,< 12 Years,"<= $75,000, Above Poverty",0.0,0.0,0.08892200841358659,0,0,0.9110779915864134
55 - 64 Years,12 Years,"<= $75,000, Above Poverty",0.0,0.0,0.16639041103612506,0,0,0.8336095889638749
45 - 54 Years,College Graduate,"> $75,000",1.0,0.0,0.7458158128882112,1,0,0.2541841871117888
18 - 34 Years,Some College,"<= $75,000, Above Poverty",0.0,0.0,0.4542575733429753,1,0,0.5457424266570248
18 - 34 Years,College Graduate,"<= $75,000, Above Poverty",0.0,0.0,0.39249832472390556,0,0,0.6075016752760944
35 - 44 Years,College Graduate,"> $75,000",0.0,0.0,0.2624962335365738,0,1,0.7375037664634262
45 - 54 Years,12 Years,"<= $75,000, Above Poverty",1.0,0.0,0.9498923953663363,1,0,0.050107604633663705
18 - 34 Years,College Graduate,"<= $75,000, Above Poverty",1.0,0.0,0.8267184639280958,1,0,0.17328153607190422
18 - 34 Years,College Graduate,"> $75,000",1.0,0.0,0.9433907271097579,1,1,0.05660927289024209
55 - 64 Years,College Graduate,"> $75,000",0.0,0.0,0.2773919117437749,0,0,0.7226080882562251
65+ Years,12 Years,"<= $75,000, Above Poverty",1.0,0.0,0.8736959212883635,1,1,0.1263040787116365
45 - 54 Years,College Graduate,"<= $75,000, Above Poverty",0.0,0.0,0.35909706360351024,0,0,0.6409029363964898
55 - 64 Years,College Graduate,"<= $75,000, Above Poverty",0.0,0.0,0.18562160549314344,0,0,0.8143783945068566
65+ Years,College Graduate,"<= $75,000, Above Poverty",0.0,0.0,0.3938325550080284,0,1,0.6061674449919716
18 - 34 Years,College Graduate,"> $75,000",1.0,0.0,0.9498226587401913,1,1,0.05017734125980866
35 - 44 Years,College Graduate,"> $75,000",1.0,0.0,0.8502267360754396,1,0,0.14977326392456036
55 - 64 Years,College Graduate,"<= $75,000, Above Poverty",0.0,0.0,0.32200372519875303,0,0,0.6779962748012469
18 - 34 Years,College Graduate,"<= $75,000, Above Poverty",0.0,0.0,0.18506519584066672,0,0,0.8149348041593333
18 - 34 Years,College Graduate,"<= $75,000, Above Poverty",0.0,0.0,0.08906420950129455,0,0,0.9109357904987054
65+ Years,College Graduate,"> $75,000",1.0,0.0,0.8919721923277187,1,0,0.10802780767228126
18 - 34 Years,12 Years,Below Poverty,0.0,0.0,0.2777475193873014,0,0,0.7222524806126986
65+ Years,Some College,"<= $75,000, Above Poverty",1.0,0.0,0.6433140860544422,1,0,0.3566859139455578
45 - 54 Years,College Graduate,"<= $75,000, Above Poverty",0.0,0.0,0.17021410031549636,0,0,0.8297858996845037
35 - 44 Years,College Graduate,"<= $75,000, Above Poverty",0.0,0.0,0.11971753550903617,0,0,0.8802824644909638
35 - 44 Years,< 12 Years,"<= $75,000, Above Poverty",0.0,1.0,0.33009050892074054,0,0,0.6699094910792595
18 - 34 Years,Some College,"> $75,000",1.0,0.0,0.750227018520583,1,1,0.24977298147941696
35 - 44 Years,College Graduate,"> $75,000",0.0,0.0,0.46353968625270686,1,0,0.5364603137472932
65+ Years,Some College,"<= $75,000, Above Poverty",0.0,0.0,0.2637567760242573,0,0,0.7362432239757427
18 - 34 Years,College Graduate,"<= $75,000, Above Poverty",0.0,0.0,0.25564747099726803,0,0,0.744352529002732
18 - 34 Years,College Graduate,Below Poverty,0.0,0.0,0.3873869675115218,0,1,0.6126130324884782
18 - 34 Years,< 12 Years,"<= $75,000, Above Poverty",0.0,0.0,0.31449564937885727,0,1,0.6855043506211427
65+ Years,College Graduate,"<= $75,000, Above Poverty",0.0,0.0,0.3099544161124669,0,0,0.6900455838875331
35 - 44 Years,12 Years,"> $75,000",0.0,0.0,0.11699264715351489,0,0,0.8830073528464851
65+ Years,Some College,"<= $75,000, Above Poverty",0.0,0.0,0.28575871379140527,0,0,0.7142412862085947
65+ Years,12 Years,"<= $75,000, Above Poverty",1.0,0.0,0.9189202047229335,1,1,0.08107979527706655
45 - 54 Years,Some College,"<= $75,000, Above Poverty",1.0,1.0,0.8203314070164319,1,1,0.17966859298356808
65+ Years,College Graduate,"> $75,000",0.0,0.0,0.5834777496263842,1,0,0.4165222503736158
65+ Years,< 12 Years,Below Poverty,0.0,0.0,0.3049341581072671,0,0,0.6950658418927329
18 - 34 Years,College Graduate,"> $75,000",1.0,1.0,0.925841254377594,1,0,0.07415874562240599
18 - 34 Years,12 Years,Below Poverty,0.0,0.0,0.13719410441267385,0,0,0.8628058955873261
55 - 64 Years,College Graduate,"> $75,000",1.0,0.0,0.8359175895472432,1,0,0.16408241045275684
35 - 44 Years,Some College,"<= $75,000, Above Poverty",0.0,1.0,0.39916340767317743,0,0,0.6008365923268226
35 - 44 Years,12 Years,"> $75,000",1.0,0.0,0.8148808266659034,1,1,0.18511917333409655
45 - 54 Years,College Graduate,"<= $75,000, Above Poverty",0.0,0.0,0.3548896894661712,0,0,0.6451103105338287
55 - 64 Years,< 12 Years,"<= $75,000, Above Poverty",0.0,0.0,0.2841413127390315,0,0,0.7158586872609685
65+ Years,12 Years,"<= $75,000, Above Poverty",0.0,0.0,0.0812997331573932,0,0,0.9187002668426067
65+ Years,College Graduate,"<= $75,000, Above Poverty",0.0,0.0,0.4326500459034254,1,0,0.5673499540965746
45 - 54 Years,12 Years,"<= $75,000, Above Poverty",1.0,0.0,0.8182647801509284,1,1,0.1817352198490716
65+ Years,Some College,"<= $75,000, Above Poverty",1.0,0.0,0.9013447214143953,1,1,0.09865527858560474
55 - 64 Years,College Graduate,"> $75,000",0.0,0.0,0.25049041553245716,0,0,0.7495095844675428
45 - 54 Years,College Graduate,"> $75,000",0.0,0.0,0.6771880239307471,1,0,0.32281197606925294
35 - 44 Years,College Graduate,"> $75,000",0.0,0.0,0.2799203219712611,0,0,0.7200796780287388
45 - 54 Years,12 Years,"<= $75,000, Above Poverty",0.0,0.0,0.2072080036703287,0,0,0.7927919963296712
45 - 54 Years,College Graduate,"<= $75,000, Above Poverty",0.0,0.0,0.3805544483330958,0,0,0.6194455516669042
35 - 44 Years,College Graduate,"<= $75,000, Above Poverty",0.0,1.0,0.7181626977419913,1,1,0.28183730225800874
18 - 34 Years,Some College,"<= $75,000, Above Poverty",0.0,1.0,0.30130718917683996,0,0,0.69869281082316
65+ Years,< 12 Years,Below Poverty,0.0,0.0,0.1712408373803353,0,1,0.8287591626196646
35 - 44 Years,College Graduate,"> $75,000",1.0,0.0,0.7416404525612756,1,1,0.25835954743872436
55 - 64 Years,Some College,"<= $75,000, Above Poverty",0.0,0.0,0.09707149007689186,0,0,0.9029285099231081
18 - 34 Years,< 12 Years,Below Poverty,1.0,0.0,0.5492408060365053,1,0,0.45075919396349473
35 - 44 Years,College Graduate,"<= $75,000, Above Poverty",0.0,0.0,0.4961855193495391,1,0,0.503814480650461
65+ Years,Some College,"<= $75,000, Above Poverty",0.0,0.0,0.22686652284070732,0,0,0.7731334771592927
65+ Years,College Graduate,"<= $75,000, Above Poverty",0.0,0.0,0.28459499226685614,0,0,0.7154050077331439
65+ Years,12 Years,"<= $75,000, Above Poverty",0.0,0.0,0.3291264798624937,0,1,0.6708735201375062
65+ Years,12 Years,Below Poverty,0.0,0.0,0.32551861586169256,0,0,0.6744813841383075
55 - 64 Years,12 Years,"<= $75,000, Above Poverty",0.0,0.0,0.23449359192407476,0,0,0.7655064080759253
35 - 44 Years,Some College,"> $75,000",0.0,0.0,0.439950153959665,1,1,0.5600498460403349
65+ Years,12 Years,"<= $75,000, Above Poverty",0.0,0.0,0.4220082749697363,1,1,0.5779917250302637
45 - 54 Years,Some College,"<= $75,000, Above Poverty",0.0,0.0,0.042776105802636265,0,0,0.9572238941973638
65+ Years,College Graduate,"<= $75,000, Above Poverty",0.0,0.0,0.3207823541761779,0,0,0.6792176458238222
35 - 44 Years,College Graduate,"<= $75,000, Above Poverty",1.0,1.0,0.9255354182541321,1,0,0.0744645817458679
18 - 34 Years,Some College,"<= $75,000, Above Poverty",1.0,0.0,0.5563176717421355,1,1,0.44368232825786447
35 - 44 Years,Some College,"<= $75,000, Above Poverty",0.0,0.0,0.11373441188522396,0,0,0.8862655881147761
45 - 54 Years,Some College,"<= $75,000, Above Poverty",1.0,1.0,0.4752336512284556,1,0,0.5247663487715444
55 - 64 Years,Some College,"> $75,000",0.0,0.0,0.15379228367412362,0,0,0.8462077163258763
55 - 64 Years,12 Years,"<= $75,000, Above Poverty",0.0,0.0,0.14678901001811562,0,0,0.8532109899818844
45 - 54 Years,College Graduate,"<= $75,000, Above Poverty",0.0,0.0,0.30459597101069014,0,0,0.6954040289893099
55 - 64 Years,12 Years,"<= $75,000, Above Poverty",1.0,1.0,0.924661124714305,1,0,0.07533887528569505
18 - 34 Years,< 12 Years,Below Poverty,0.0,0.0,0.09234618862751813,0,0,0.9076538113724819
55 - 64 Years,College Graduate,"<= $75,000, Above Poverty",0.0,0.0,0.4111704455903151,1,0,0.5888295544096849
65+ Years,12 Years,"<= $75,000, Above Poverty",0.0,0.0,0.2090646909461631,0,0,0.7909353090538369
45 - 54 Years,College Graduate,"> $75,000",0.0,0.0,0.2762972228335416,0,0,0.7237027771664584
55 - 64 Years,< 12 Years,"<= $75,000, Above Poverty",0.0,0.0,0.2597918245683014,0,0,0.7402081754316986
45 - 54 Years,College Graduate,"> $75,000",0.0,0.0,0.15342769102509848,0,0,0.8465723089749015
18 - 34 Years,Some College,"<= $75,000, Above Poverty",0.0,0.0,0.29855166914582143,0,0,0.7014483308541786
18 - 34 Years,College Graduate,"<= $75,000, Above Poverty",0.0,0.0,0.429009305196918,1,0,0.5709906948030821
55 - 64 Years,Some College,"<= $75,000, Above Poverty",1.0,1.0,0.8507107673111074,1,1,0.1492892326888926
35 - 44 Years,< 12 Years,"<= $75,000, Above Poverty",1.0,0.0,0.745592036940451,1,0,0.25440796305954905
55 - 64 Years,College Graduate,"<= $75,000, Above Poverty",0.0,1.0,0.18980377906265067,0,0,0.8101962209373493
35 - 44 Years,College Graduate,"<= $75,000, Above Poverty",1.0,0.0,0.9028868443262539,1,1,0.09711315567374612
45 - 54 Years,12 Years,"<= $75,000, Above Poverty",0.0,0.0,0.2638382918368634,0,0,0.7361617081631366
55 - 64 Years,< 12 Years,Below Poverty,1.0,0.0,0.35002219147850405,0,0,0.649977808521496
45 - 54 Years,College Graduate,"<= $75,000, Above Poverty",0.0,0.0,0.3316058980732753,0,0,0.6683941019267248
35 - 44 Years,College Graduate,"<= $75,000, Above Poverty",0.0,0.0,0.1965216444568377,0,0,0.8034783555431623
45 - 54 Years,College Graduate,"> $75,000",0.0,0.0,0.3825374270279672,0,1,0.6174625729720328
65+ Years,12 Years,"<= $75,000, Above Poverty",0.0,0.0,0.3319697026225938,0,0,0.6680302973774062
35 - 44 Years,Some College,"<= $75,000, Above Poverty",0.0,0.0,0.058759438028139314,0,0,0.9412405619718607
45 - 54 Years,Some College,"> $75,000",0.0,0.0,0.11959012576204685,0,0,0.8804098742379531
18 - 34 Years,College Graduate,"<= $75,000, Above Poverty",0.0,0.0,0.20043647391972794,0,0,0.799563526080272
45 - 54 Years,College Graduate,"> $75,000",0.0,0.0,0.22394237850558507,0,0,0.7760576214944149
45 - 54 Years,Some College,"> $75,000",0.0,0.0,0.10996083195506122,0,0,0.8900391680449388
35 - 44 Years,College Graduate,"<= $75,000, Above Poverty",0.0,0.0,0.3475329654763434,0,0,0.6524670345236566
18 - 34 Years,College Graduate,"<= $75,000, Above Poverty",1.0,1.0,0.9525594056033819,1,1,0.047440594396618074
45 - 54 Years,College Graduate,"<= $75,000, Above Poverty",0.0,0.0,0.4318131842086298,1,1,0.5681868157913702
45 - 54 Years,Some College,"<= $75,000, Above Poverty",0.0,1.0,0.6328141171635313,1,0,0.3671858828364687
55 - 64 Years,Some College,"> $75,000",1.0,0.0,0.9487290187413246,1,1,0.05127098125867535
18 - 34 Years,College Graduate,"<= $75,000, Above Poverty",0.0,0.0,0.20803196341911126,0,0,0.7919680365808888
18 - 34 Years,College Graduate,Below Poverty,0.0,0.0,0.10947504610020259,0,0,0.8905249538997975
55 - 64 Years,College Graduate,"> $75,000",0.0,0.0,0.5255203461821399,1,1,0.47447965381786006
35 - 44 Years,College Graduate,"<= $75,000, Above Poverty",1.0,0.0,0.6967542747689769,1,0,0.3032457252310231
18 - 34 Years,Some College,"<= $75,000, Above Poverty",0.0,0.0,0.4211295340222846,1,0,0.5788704659777154
18 - 34 Years,College Graduate,"<= $75,000, Above Poverty",0.0,0.0,0.05303784136226169,0,0,0.9469621586377384
18 - 34 Years,Some College,"> $75,000",0.0,0.0,0.30281020737424064,0,1,0.6971897926257593
55 - 64 Years,Some College,"<= $75,000, Above Poverty",0.0,0.0,0.49957061152961485,1,1,0.5004293884703852
65+ Years,College Graduate,"> $75,000",0.0,0.0,0.31881093858925824,0,1,0.6811890614107418
55 - 64 Years,College Graduate,"<= $75,000, Above Poverty",0.0,0.0,0.3835433864642858,0,1,0.6164566135357141
18 - 34 Years,< 12 Years,Below Poverty,0.0,0.0,0.43758231093967254,1,0,0.5624176890603274
65+ Years,12 Years,"> $75,000",0.0,0.0,0.11694377513717112,0,0,0.8830562248628289
65+ Years,College Graduate,"<= $75,000, Above Poverty",1.0,0.0,0.9403689051483247,1,1,0.05963109485167528
18 - 34 Years,College Graduate,"> $75,000",0.0,1.0,0.5880533137877823,1,0,0.41194668621221775
65+ Years,College Graduate,"<= $75,000, Above Poverty",1.0,0.0,0.907360582081775,1,0,0.09263941791822505
55 - 64 Years,12 Years,"<= $75,000, Above Poverty",0.0,0.0,0.25426362503750793,0,0,0.7457363749624921
45 - 54 Years,College Graduate,"> $75,000",0.0,0.0,0.376289251862268,0,1,0.623710748137732
45 - 54 Years,College Graduate,"<= $75,000, Above Poverty",0.0,0.0,0.3327317208894739,0,0,0.6672682791105261
18 - 34 Years,College Graduate,"<= $75,000, Above Poverty",0.0,0.0,0.5657612787839842,1,1,0.4342387212160158
65+ Years,College Graduate,"<= $75,000, Above Poverty",0.0,0.0,0.4262607235210581,1,0,0.573739276478942
65+ Years,12 Years,"<= $75,000, Above Poverty",0.0,0.0,0.6284101305248516,1,0,0.3715898694751484
65+ Years,Some College,"<= $75,000, Above Poverty",0.0,0.0,0.2222391556905547,0,0,0.7777608443094453
55 - 64 Years,Some College,"<= $75,000, Above Poverty",0.0,0.0,0.22974178148348312,0,0,0.7702582185165169
55 - 64 Years,Some College,"> $75,000",0.0,1.0,0.677299181951605,1,1,0.322700818048395
35 - 44 Years,12 Years,"<= $75,000, Above Poverty",0.0,1.0,0.6871460517664537,1,0,0.3128539482335463
55 - 64 Years,College Graduate,"> $75,000",0.0,0.0,0.3717945790183309,0,0,0.6282054209816691
18 - 34 Years,12 Years,"> $75,000",0.0,0.0,0.16668652469771195,0,0,0.833313475302288
18 - 34 Years,Some College,"<= $75,000, Above Poverty",0.0,0.0,0.3055832326903235,0,0,0.6944167673096765
35 - 44 Years,College Graduate,"<= $75,000, Above Poverty",0.0,0.0,0.20506508716884847,0,0,0.7949349128311516
18 - 34 Years,College Graduate,"<= $75,000, Above Poverty",0.0,0.0,0.2831635563451999,0,0,0.7168364436548
45 - 54 Years,College Graduate,"> $75,000",0.0,0.0,0.3395080320626017,0,0,0.6604919679373983
65+ Years,12 Years,"<= $75,000, Above Poverty",0.0,0.0,0.24006107800951676,0,0,0.7599389219904833
65+ Years,Some College,"<= $75,000, Above Poverty",0.0,0.0,0.36510703630994285,0,0,0.6348929636900571
35 - 44 Years,12 Years,Below Poverty,0.0,0.0,0.3039424568468162,0,0,0.6960575431531838
55 - 64 Years,Some College,"<= $75,000, Above Poverty",1.0,0.0,0.6913525606701046,1,0,0.30864743932989536
45 - 54 Years,Some College,"<= $75,000, Above Poverty",0.0,0.0,0.2072933124944668,0,0,0.7927066875055332
45 - 54 Years,College Graduate,"> $75,000",0.0,0.0,0.3193268620580529,0,0,0.6806731379419471
18 - 34 Years,College Graduate,"> $75,000",0.0,0.0,0.2251872130605317,0,1,0.7748127869394683
45 - 54 Years,College Graduate,"<= $75,000, Above Poverty",0.0,0.0,0.20722889366149355,0,0,0.7927711063385064
45 - 54 Years,< 12 Years,"<= $75,000, Above Poverty",0.0,0.0,0.3722113860439551,0,0,0.6277886139560449
35 - 44 Years,< 12 Years,"<= $75,000, Above Poverty",1.0,0.0,0.7704981965768932,1,1,0.22950180342310678
55 - 64 Years,Some College,"<= $75,000, Above Poverty",0.0,0.0,0.16652413467380264,0,0,0.8334758653261973
18 - 34 Years,Some College,"> $75,000",0.0,0.0,0.12292324639426928,0,0,0.8770767536057307
35 - 44 Years,12 Years,Below Poverty,0.0,0.0,0.07963681807246854,0,0,0.9203631819275314
55 - 64 Years,College Graduate,"> $75,000",1.0,0.0,0.9265621389396231,1,1,0.07343786106037686
55 - 64 Years,Some College,"<= $75,000, Above Poverty",0.0,0.0,0.29030532888105465,0,0,0.7096946711189454
55 - 64 Years,College Graduate,"> $75,000",0.0,0.0,0.3539124588697981,0,1,0.6460875411302018
45 - 54 Years,Some College,Below Poverty,0.0,0.0,0.32698000878852707,0,0,0.6730199912114729
55 - 64 Years,< 12 Years,"<= $75,000, Above Poverty",1.0,0.0,0.8671177249526307,1,1,0.13288227504736927
35 - 44 Years,College Graduate,"> $75,000",1.0,0.0,0.5631669922896798,1,1,0.4368330077103202
45 - 54 Years,College Graduate,Below Poverty,1.0,0.0,0.9584243684333976,1,0,0.04157563156660238
35 - 44 Years,College Graduate,"<= $75,000, Above Poverty",0.0,0.0,0.15467535985533845,0,0,0.8453246401446616
65+ Years,College Graduate,"<= $75,000, Above Poverty",0.0,0.0,0.23331627314773884,0,0,0.7666837268522612
45 - 54 Years,College Graduate,"> $75,000",0.0,0.0,0.12003197385122356,0,0,0.8799680261487764
65+ Years,College Graduate,"<= $75,000, Above Poverty",0.0,0.0,0.22297932444197477,0,0,0.7770206755580252
65+ Years,Some College,"<= $75,000, Above Poverty",1.0,0.0,0.7032137476680979,1,0,0.29678625233190215
45 - 54 Years,College Graduate,"> $75,000",0.0,0.0,0.39527274392356504,0,1,0.604727256076435
35 - 44 Years,College Graduate,"<= $75,000, Above Poverty",1.0,1.0,0.916658430785788,1,1,0.08334156921421199
65+ Years,12 Years,"<= $75,000, Above Poverty",1.0,0.0,0.8377337766091943,1,1,0.16226622339080565
65+ Years,12 Years,"<= $75,000, Above Poverty",0.0,0.0,0.2917712368786573,0,0,0.7082287631213426
45 - 54 Years,College Graduate,"<= $75,000, Above Poverty",0.0,0.0,0.06580058632351146,0,0,0.9341994136764885
18 - 34 Years,Some College,Below Poverty,0.0,0.0,0.23295676893532502,0,0,0.767043231064675
18 - 34 Years,College Graduate,"<= $75,000, Above Poverty",0.0,1.0,0.4393375408921787,1,0,0.5606624591078213
35 - 44 Years,12 Years,"> $75,000",1.0,0.0,0.7516382856074567,1,0,0.2483617143925433
45 - 54 Years,College Graduate,"> $75,000",0.0,0.0,0.31414569001602727,0,0,0.6858543099839727
45 - 54 Years,12 Years,Below Poverty,0.0,0.0,0.1305145271683712,0,0,0.8694854728316288
65+ Years,College Graduate,"<= $75,000, Above Poverty",0.0,0.0,0.3279374218197721,0,0,0.6720625781802279
45 - 54 Years,College Graduate,"> $75,000",0.0,0.0,0.16107823703079957,0,0,0.8389217629692004
65+ Years,< 12 Years,"<= $75,000, Above Poverty",0.0,0.0,0.2223630338294421,0,0,0.7776369661705579
65+ Years,12 Years,"<= $75,000, Above Poverty",0.0,1.0,0.6233130971444684,1,0,0.37668690285553164
65+ Years,12 Years,"<= $75,000, Above Poverty",0.0,0.0,0.28057288919438067,0,0,0.7194271108056194
65+ Years,12 Years,"<= $75,000, Above Poverty",0.0,0.0,0.29399187579279157,0,0,0.7060081242072085
18 - 34 Years,College Graduate,"<= $75,000, Above Poverty",1.0,0.0,0.8875889018509046,1,0,0.11241109814909545
18 - 34 Years,12 Years,"<= $75,000, Above Poverty",1.0,0.0,0.8202641833805002,1,1,0.17973581661949978
18 - 34 Years,12 Years,Below Poverty,0.0,1.0,0.48209516007416936,1,0,0.5179048399258306
45 - 54 Years,12 Years,"<= $75,000, Above Poverty",1.0,0.0,0.7743974063952724,1,1,0.22560259360472756
65+ Years,< 12 Years,Below Poverty,0.0,0.0,0.38009510764322757,0,0,0.6199048923567725
35 - 44 Years,College Graduate,"> $75,000",0.0,0.0,0.4360678357632421,1,0,0.5639321642367578
65+ Years,< 12 Years,"<= $75,000, Above Poverty",1.0,0.0,0.8475267651630045,1,0,0.15247323483699549
45 - 54 Years,College Graduate,"<= $75,000, Above Poverty",0.0,0.0,0.11913500559663717,0,0,0.8808649944033629
45 - 54 Years,Some College,"<= $75,000, Above Poverty",0.0,0.0,0.49500546111018606,1,0,0.5049945388898139
55 - 64 Years,College Graduate,"<= $75,000, Above Poverty",0.0,0.0,0.3042233218596158,0,0,0.6957766781403842
55 - 64 Years,Some College,"<= $75,000, Above Poverty",0.0,0.0,0.4263123936875723,1,0,0.5736876063124277
65+ Years,12 Years,"<= $75,000, Above Poverty",0.0,0.0,0.3315213311482005,0,0,0.6684786688517995
35 - 44 Years,College Graduate,"> $75,000",1.0,0.0,0.9475020850667166,1,1,0.052497914933283374
45 - 54 Years,College Graduate,"> $75,000",1.0,0.0,0.6564638120103402,1,0,0.3435361879896598
55 - 64 Years,< 12 Years,"<= $75,000, Above Poverty",0.0,0.0,0.14478298378426405,0,0,0.855217016215736
65+ Years,< 12 Years,"<= $75,000, Above Poverty",1.0,0.0,0.8043778700447803,1,0,0.19562212995521966
65+ Years,< 12 Years,Below Poverty,0.0,0.0,0.10048899616129615,0,1,0.8995110038387039
65+ Years,12 Years,"<= $75,000, Above Poverty",0.0,0.0,0.31819822079823906,0,0,0.681801779201761
45 - 54 Years,12 Years,"<= $75,000, Above Poverty",0.0,0.0,0.16653047457900907,0,1,0.833469525420991
35 - 44 Years,Some College,"<= $75,000, Above Poverty",0.0,1.0,0.6007836482862376,1,0,0.39921635171376235
18 - 34 Years,College Graduate,"> $75,000",0.0,1.0,0.3635095848696082,0,0,0.6364904151303918
35 - 44 Years,12 Years,"<= $75,000, Above Poverty",0.0,0.0,0.17321267365357015,0,0,0.8267873263464298
45 - 54 Years,College Graduate,"<= $75,000, Above Poverty",0.0,0.0,0.280295876728222,0,0,0.719704123271778
18 - 34 Years,Some College,"<= $75,000, Above Poverty",0.0,0.0,0.2735387380754814,0,0,0.7264612619245185
18 - 34 Years,12 Years,"<= $75,000, Above Poverty",0.0,0.0,0.2695588430098142,0,0,0.7304411569901859
55 - 64 Years,College Graduate,"> $75,000",0.0,0.0,0.35313213172675206,0,0,0.6468678682732479
18 - 34 Years,Some College,"<= $75,000, Above Poverty",0.0,0.0,0.34641017329599416,0,0,0.6535898267040059
45 - 54 Years,College Graduate,"<= $75,000, Above Poverty",0.0,0.0,0.3814846761492348,0,1,0.6185153238507652
65+ Years,Some College,"<= $75,000, Above Poverty",0.0,0.0,0.10070358991643778,0,0,0.8992964100835622
18 - 34 Years,College Graduate,"<= $75,000, Above Poverty",0.0,0.0,0.30586804692089203,0,0,0.6941319530791079
65+ Years,College Graduate,"<= $75,000, Above Poverty",0.0,0.0,0.19582283767396103,0,0,0.804177162326039
55 - 64 Years,Some College,"<= $75,000, Above Poverty",0.0,0.0,0.3324163079470959,0,0,0.6675836920529041
55 - 64 Years,College Graduate,"<= $75,000, Above Poverty",0.0,0.0,0.5157084786416193,1,0,0.4842915213583807
45 - 54 Years,College Graduate,"<= $75,000, Above Poverty",0.0,1.0,0.31842125814208155,0,0,0.6815787418579184
18 - 34 Years,12 Years,"<= $75,000, Above Poverty",1.0,1.0,0.8847283546567298,1,1,0.11527164534327017
18 - 34 Years,College Graduate,"<= $75,000, Above Poverty",1.0,0.0,0.8152550690033254,1,0,0.18474493099667455
65+ Years,College Graduate,"<= $75,000, Above Poverty",0.0,0.0,0.36752018319135094,0,1,0.6324798168086491
35 - 44 Years,College Graduate,"> $75,000",1.0,0.0,0.866361374822934,1,1,0.13363862517706604
65+ Years,Some College,"<= $75,000, Above Poverty",0.0,0.0,0.3455951475112731,0,0,0.6544048524887269
35 - 44 Years,12 Years,"<= $75,000, Above Poverty",0.0,0.0,0.2819322424660412,0,0,0.7180677575339588
55 - 64 Years,< 12 Years,Below Poverty,0.0,0.0,0.24721961194748737,0,0,0.7527803880525126
65+ Years,12 Years,"<= $75,000, Above Poverty",0.0,0.0,0.297218697811817,0,0,0.702781302188183
65+ Years,College Graduate,"<= $75,000, Above Poverty",0.0,0.0,0.540523645055424,1,1,0.45947635494457595
55 - 64 Years,Some College,"<= $75,000, Above Poverty",1.0,0.0,0.8820752024202883,1,1,0.11792479757971175
35 - 44 Years,College Graduate,"<= $75,000, Above Poverty",0.0,0.0,0.04544941824347834,0,0,0.9545505817565216
65+ Years,12 Years,"<= $75,000, Above Poverty",0.0,1.0,0.5790610234729474,1,1,0.4209389765270526
35 - 44 Years,Some College,"<= $75,000, Above Poverty",0.0,0.0,0.10648220417759396,0,1,0.8935177958224061
55 - 64 Years,College Graduate,"<= $75,000, Above Poverty",0.0,0.0,0.20744210264628335,0,0,0.7925578973537166
35 - 44 Years,College Graduate,"> $75,000",0.0,0.0,0.36368310956608746,0,0,0.6363168904339125
65+ Years,Some College,"<= $75,000, Above Poverty",0.0,0.0,0.3732391515683477,0,1,0.6267608484316523
65+ Years,Some College,"<= $75,000, Above Poverty",1.0,0.0,0.5284506912904936,1,1,0.4715493087095064
18 - 34 Years,< 12 Years,"<= $75,000, Above Poverty",0.0,0.0,0.21736837227518754,0,1,0.7826316277248124
18 - 34 Years,Some College,"<= $75,000, Above Poverty",0.0,0.0,0.09970985584202673,0,0,0.9002901441579733
45 - 54 Years,College Graduate,"<= $75,000, Above Poverty",0.0,0.0,0.35239403750278714,0,0,0.6476059624972128
18 - 34 Years,College Graduate,"<= $75,000, Above Poverty",1.0,1.0,0.934367313134179,1,1,0.06563268686582102
55 - 64 Years,12 Years,"<= $75,000, Above Poverty",0.0,0.0,0.49719520765662983,1,0,0.5028047923433702
65+ Years,College Graduate,"> $75,000",1.0,1.0,0.9301000524453825,1,0,0.06989994755461748
45 - 54 Years,Some College,"<= $75,000, Above Poverty",0.0,0.0,0.24223461545793815,0,0,0.7577653845420619
18 - 34 Years,College Graduate,"<= $75,000, Above Poverty",0.0,1.0,0.5964589436812813,1,0,0.4035410563187187
65+ Years,Some College,"<= $75,000, Above Poverty",1.0,0.0,0.8151363478927636,1,0,0.18486365210723643
55 - 64 Years,College Graduate,"<= $75,000, Above Poverty",0.0,0.0,0.3460659074393344,0,0,0.6539340925606656
55 - 64 Years,Some College,"<= $75,000, Above Poverty",0.0,1.0,0.8781061883819204,1,1,0.12189381161807955
45 - 54 Years,College Graduate,"> $75,000",0.0,0.0,0.5107533956084783,1,0,0.4892466043915217
55 - 64 Years,Some College,"<= $75,000, Above Poverty",0.0,0.0,0.25376823911502566,0,0,0.7462317608849743
55 - 64 Years,Some College,"<= $75,000, Above Poverty",0.0,0.0,0.3242123902759484,0,0,0.6757876097240516
18 - 34 Years,College Graduate,"<= $75,000, Above Poverty",0.0,1.0,0.6681400588592241,1,0,0.3318599411407759
55 - 64 Years,< 12 Years,"<= $75,000, Above Poverty",0.0,0.0,0.02985503909167683,0,0,0.9701449609083231
55 - 64 Years,Some College,"<= $75,000, Above Poverty",0.0,0.0,0.2629834229861359,0,0,0.7370165770138641
45 - 54 Years,College Graduate,"> $75,000",0.0,0.0,0.11521008302805774,0,0,0.8847899169719422
18 - 34 Years,12 Years,"<= $75,000, Above Poverty",0.0,0.0,0.39940179871317527,0,0,0.6005982012868247
65+ Years,< 12 Years,"<= $75,000, Above Poverty",1.0,0.0,0.5115258001456904,1,0,0.4884741998543096
35 - 44 Years,Some College,"> $75,000",1.0,0.0,0.9205062745643773,1,0,0.07949372543562272
65+ Years,College Graduate,"<= $75,000, Above Poverty",1.0,0.0,0.9248084004001662,1,0,0.07519159959983379
18 - 34 Years,College Graduate,"> $75,000",1.0,0.0,0.5273384925270558,1,0,0.4726615074729442
45 - 54 Years,Some College,"> $75,000",0.0,0.0,0.06455653353532577,0,0,0.9354434664646742
18 - 34 Years,< 12 Years,"<= $75,000, Above Poverty",0.0,0.0,0.2739069366369126,0,0,0.7260930633630873
45 - 54 Years,12 Years,"<= $75,000, Above Poverty",0.0,0.0,0.22831731082052775,0,0,0.7716826891794722
65+ Years,Some College,"<= $75,000, Above Poverty",0.0,0.0,0.34933133947645983,0,0,0.6506686605235401
45 - 54 Years,College Graduate,"> $75,000",0.0,1.0,0.45374036873231927,1,0,0.5462596312676807
65+ Years,12 Years,"<= $75,000, Above Poverty",1.0,0.0,0.6598625319593592,1,1,0.3401374680406408
18 - 34 Years,Some College,"<= $75,000, Above Poverty",0.0,0.0,0.4143271792492779,1,0,0.585672820750722
55 - 64 Years,Some College,"<= $75,000, Above Poverty",0.0,0.0,0.36644388258950955,0,1,0.6335561174104904
18 - 34 Years,Some College,"> $75,000",0.0,0.0,0.24601559043940693,0,0,0.7539844095605931
65+ Years,College Graduate,"<= $75,000, Above Poverty",0.0,0.0,0.32304543560093385,0,0,0.6769545643990662
35 - 44 Years,College Graduate,"<= $75,000, Above Poverty",0.0,1.0,0.6897966739844866,1,0,0.31020332601551337
45 - 54 Years,College Graduate,"<= $75,000, Above Poverty",1.0,0.0,0.7576377810327236,1,0,0.2423622189672764
65+ Years,12 Years,"<= $75,000, Above Poverty",1.0,0.0,0.6105127951485712,1,0,0.38948720485142885
18 - 34 Years,12 Years,Below Poverty,0.0,0.0,0.2705867774568927,0,0,0.7294132225431074
35 - 44 Years,College Graduate,"> $75,000",0.0,0.0,0.16042036636364101,0,0,0.839579633636359
35 - 44 Years,Some College,"<= $75,000, Above Poverty",0.0,0.0,0.06895843881649862,0,0,0.9310415611835013
45 - 54 Years,College Graduate,"<= $75,000, Above Poverty",0.0,0.0,0.2821464695530407,0,0,0.7178535304469593
65+ Years,College Graduate,Below Poverty,0.0,0.0,0.22779066984286542,0,0,0.7722093301571346
35 - 44 Years,12 Years,"<= $75,000, Above Poverty",0.0,0.0,0.1867715644905224,0,0,0.8132284355094777
55 - 64 Years,Some College,"<= $75,000, Above Poverty",0.0,0.0,0.45422289785754205,1,0,0.545777102142458
65+ Years,12 Years,"<= $75,000, Above Poverty",0.0,0.0,0.5060067052538826,1,1,0.4939932947461174
65+ Years,College Graduate,"<= $75,000, Above Poverty",0.0,0.0,0.1178893290068875,0,0,0.8821106709931125
65+ Years,12 Years,"<= $75,000, Above Poverty",0.0,0.0,0.32540724946660843,0,0,0.6745927505333915
55 - 64 Years,College Graduate,"> $75,000",0.0,0.0,0.6101052119420874,1,1,0.38989478805791256
45 - 54 Years,12 Years,"<= $75,000, Above Poverty",0.0,0.0,0.19547860100269152,0,0,0.8045213989973085
65+ Years,Some College,"<= $75,000, Above Poverty",1.0,0.0,0.8977345140440639,1,1,0.1022654859559361
18 - 34 Years,12 Years,"<= $75,000, Above Poverty",0.0,0.0,0.6542370093148819,1,0,0.34576299068511807
45 - 54 Years,College Graduate,"> $75,000",1.0,1.0,0.9062759156495381,1,0,0.09372408435046187
45 - 54 Years,12 Years,"<= $75,000, Above Poverty",0.0,0.0,0.35020149961483743,0,1,0.6497985003851625
55 - 64 Years,College Graduate,"> $75,000",0.0,0.0,0.36352626674788646,0,0,0.6364737332521135
45 - 54 Years,College Graduate,"<= $75,000, Above Poverty",0.0,0.0,0.19394106339858233,0,0,0.8060589366014177
65+ Years,College Graduate,"<= $75,000, Above Poverty",0.0,0.0,0.6856004506420533,1,0,0.3143995493579467
55 - 64 Years,College Graduate,"<= $75,000, Above Poverty",0.0,0.0,0.2467087415666201,0,0,0.75329125843338
65+ Years,College Graduate,"> $75,000",0.0,0.0,0.2401052283628583,0,0,0.7598947716371417
45 - 54 Years,12 Years,"> $75,000",1.0,0.0,0.6546694911008163,1,0,0.3453305088991837
35 - 44 Years,College Graduate,"<= $75,000, Above Poverty",0.0,0.0,0.2045668611601032,0,0,0.7954331388398967
45 - 54 Years,College Graduate,"<= $75,000, Above Poverty",0.0,1.0,0.760284000645298,1,1,0.239715999354702
35 - 44 Years,College Graduate,"> $75,000",0.0,0.0,0.12035068471673009,0,0,0.87964931528327
18 - 34 Years,Some College,"<= $75,000, Above Poverty",0.0,0.0,0.3247039384846265,0,0,0.6752960615153736
65+ Years,Some College,"<= $75,000, Above Poverty",0.0,0.0,0.6516382788370133,1,0,0.3483617211629867
18 - 34 Years,College Graduate,"> $75,000",0.0,0.0,0.34207186607996504,0,0,0.6579281339200349
18 - 34 Years,Some College,"<= $75,000, Above Poverty",0.0,1.0,0.7795378287720169,1,0,0.22046217122798306
65+ Years,12 Years,"<= $75,000, Above Poverty",0.0,0.0,0.34212491854465366,0,1,0.6578750814553463
18 - 34 Years,< 12 Years,Below Poverty,0.0,0.0,0.23345187527455774,0,0,0.7665481247254422
65+ Years,12 Years,Below Poverty,0.0,0.0,0.28437858665488397,0,0,0.715621413345116
65+ Years,Some College,"<= $75,000, Above Poverty",1.0,0.0,0.601470645389029,1,0,0.39852935461097105
18 - 34 Years,12 Years,Below Poverty,0.0,0.0,0.19397716446316735,0,0,0.8060228355368326
65+ Years,12 Years,"<= $75,000, Above Poverty",0.0,0.0,0.10497680028506282,0,0,0.8950231997149372
18 - 34 Years,College Graduate,"<= $75,000, Above Poverty",1.0,1.0,0.782815801051123,1,0,0.21718419894887697
65+ Years,12 Years,"<= $75,000, Above Poverty",0.0,0.0,0.4680720439227515,1,0,0.5319279560772485
18 - 34 Years,College Graduate,"<= $75,000, Above Poverty",0.0,0.0,0.43646777898178135,1,0,0.5635322210182186
65+ Years,College Graduate,"<= $75,000, Above Poverty",0.0,0.0,0.3298772057643129,0,0,0.6701227942356871
55 - 64 Years,12 Years,Below Poverty,0.0,0.0,0.48921726358322304,1,0,0.510782736416777
18 - 34 Years,12 Years,"<= $75,000, Above Poverty",0.0,0.0,0.29397918664840417,0,0,0.7060208133515958
65+ Years,College Graduate,"> $75,000",0.0,0.0,0.361123052537333,0,0,0.638876947462667
35 - 44 Years,12 Years,"<= $75,000, Above Poverty",0.0,1.0,0.412175579918893,1,0,0.587824420081107
55 - 64 Years,Some College,"<= $75,000, Above Poverty",0.0,0.0,0.14299433325718275,0,0,0.8570056667428172
45 - 54 Years,< 12 Years,"<= $75,000, Above Poverty",0.0,0.0,0.22773691861558604,0,0,0.772263081384414
18 - 34 Years,Some College,Below Poverty,0.0,0.0,0.26989828252294173,0,0,0.7301017174770583
45 - 54 Years,College Graduate,"> $75,000",0.0,0.0,0.11627421821744371,0,1,0.8837257817825563
45 - 54 Years,Some College,"<= $75,000, Above Poverty",0.0,0.0,0.2684489174458899,0,0,0.73155108255411
65+ Years,College Graduate,"<= $75,000, Above Poverty",0.0,0.0,0.31283500497270145,0,0,0.6871649950272986
55 - 64 Years,Some College,"> $75,000",1.0,0.0,0.9076828290814082,1,1,0.09231717091859182
18 - 34 Years,12 Years,"<= $75,000, Above Poverty",0.0,0.0,0.4675961086073719,1,0,0.5324038913926281
35 - 44 Years,College Graduate,"> $75,000",0.0,0.0,0.30724463224266885,0,0,0.6927553677573312
65+ Years,College Graduate,"<= $75,000, Above Poverty",0.0,0.0,0.03182993766809432,0,0,0.9681700623319057
65+ Years,Some College,"<= $75,000, Above Poverty",0.0,0.0,0.2743751469539857,0,0,0.7256248530460143
35 - 44 Years,Some College,"> $75,000",0.0,0.0,0.10561708824048345,0,0,0.8943829117595166
45 - 54 Years,Some College,"<= $75,000, Above Poverty",0.0,0.0,0.20418104834878545,0,0,0.7958189516512145
45 - 54 Years,12 Years,"<= $75,000, Above Poverty",1.0,0.0,0.9142677670105142,1,0,0.08573223298948585
55 - 64 Years,< 12 Years,"<= $75,000, Above Poverty",0.0,1.0,0.49748517488665306,1,0,0.5025148251133469
55 - 64 Years,12 Years,"<= $75,000, Above Poverty",0.0,0.0,0.15441465645036792,0,0,0.8455853435496321
65+ Years,Some College,"> $75,000",0.0,0.0,0.5160077301336545,1,0,0.48399226986634547
65+ Years,College Graduate,"<= $75,000, Above Poverty",0.0,0.0,0.4235327505356936,1,0,0.5764672494643064
65+ Years,College Graduate,"<= $75,000, Above Poverty",0.0,0.0,0.37765774568891336,0,0,0.6223422543110866
45 - 54 Years,Some College,"<= $75,000, Above Poverty",0.0,0.0,0.6338657771584084,1,0,0.3661342228415916
35 - 44 Years,College Graduate,"<= $75,000, Above Poverty",0.0,0.0,0.1321783881454538,0,0,0.8678216118545462
35 - 44 Years,College Graduate,"> $75,000",0.0,0.0,0.20980630147537752,0,0,0.7901936985246225
55 - 64 Years,Some College,"<= $75,000, Above Poverty",0.0,0.0,0.18000821288017074,0,0,0.8199917871198292
65+ Years,12 Years,"<= $75,000, Above Poverty",0.0,0.0,0.24743430028363458,0,0,0.7525656997163654
18 - 34 Years,College Graduate,"<= $75,000, Above Poverty",0.0,0.0,0.2832650606393011,0,0,0.7167349393606989
65+ Years,College Graduate,"<= $75,000, Above Poverty",0.0,0.0,0.26729509874701046,0,0,0.7327049012529896
45 - 54 Years,College Graduate,"<= $75,000, Above Poverty",1.0,0.0,0.8564787483632972,1,1,0.14352125163670282
35 - 44 Years,Some College,"> $75,000",0.0,0.0,0.14561123603899825,0,0,0.8543887639610017
65+ Years,College Graduate,"<= $75,000, Above Poverty",0.0,0.0,0.5425228520023463,1,0,0.4574771479976537
65+ Years,Some College,"<= $75,000, Above Poverty",0.0,0.0,0.36068563833121986,0,1,0.6393143616687802
65+ Years,12 Years,"<= $75,000, Above Poverty",1.0,0.0,0.8729487070221804,1,0,0.12705129297781959
18 - 34 Years,Some College,"> $75,000",1.0,0.0,0.939490524868714,1,1,0.06050947513128602
18 - 34 Years,Some College,"<= $75,000, Above Poverty",0.0,0.0,0.23777802381021348,0,0,0.7622219761897865
65+ Years,12 Years,"<= $75,000, Above Poverty",0.0,0.0,0.5295103775616086,1,0,0.47048962243839143
35 - 44 Years,College Graduate,"<= $75,000, Above Poverty",0.0,0.0,0.2632936804470881,0,0,0.7367063195529119
65+ Years,12 Years,Below Poverty,1.0,0.0,0.9437465862821104,1,1,0.05625341371788961
18 - 34 Years,College Graduate,"> $75,000",0.0,0.0,0.1741390215275176,0,0,0.8258609784724824
65+ Years,12 Years,"<= $75,000, Above Poverty",1.0,0.0,0.6712278649743176,1,1,0.32877213502568237
35 - 44 Years,College Graduate,"> $75,000",0.0,1.0,0.3911051489844008,0,0,0.6088948510155991
55 - 64 Years,College Graduate,"<= $75,000, Above Poverty",0.0,0.0,0.13826309209979987,0,0,0.8617369079002002
45 - 54 Years,< 12 Years,Below Poverty,0.0,0.0,0.491178717987482,1,0,0.508821282012518
55 - 64 Years,Some College,"<= $75,000, Above Poverty",0.0,1.0,0.6458731485591028,1,0,0.3541268514408972
45 - 54 Years,Some College,"<= $75,000, Above Poverty",0.0,0.0,0.2660460944238122,0,0,0.7339539055761878
45 - 54 Years,College Graduate,"> $75,000",1.0,0.0,0.5562775655091299,1,1,0.4437224344908701
55 - 64 Years,12 Years,"> $75,000",0.0,0.0,0.3090654275680446,0,0,0.6909345724319553
18 - 34 Years,12 Years,"<= $75,000, Above Poverty",0.0,0.0,0.18261464527357346,0,0,0.8173853547264265
35 - 44 Years,College Graduate,"<= $75,000, Above Poverty",0.0,0.0,0.13849049853995693,0,0,0.8615095014600431
65+ Years,College Graduate,"> $75,000",0.0,1.0,0.5192080099664084,1,0,0.48079199003359163
35 - 44 Years,College Graduate,"> $75,000",1.0,0.0,0.8407098752126205,1,0,0.15929012478737947
45 - 54 Years,Some College,"> $75,000",0.0,0.0,0.3113553463201974,0,0,0.6886446536798025
55 - 64 Years,College Graduate,"> $75,000",0.0,1.0,0.701903881798953,1,1,0.298096118201047
65+ Years,< 12 Years,Below Poverty,0.0,0.0,0.22673645094590053,0,0,0.7732635490540994
55 - 64 Years,< 12 Years,"<= $75,000, Above Poverty",0.0,0.0,0.2913151509419762,0,0,0.7086848490580238
35 - 44 Years,College Graduate,Below Poverty,0.0,0.0,0.12297444369826306,0,0,0.877025556301737
18 - 34 Years,< 12 Years,Below Poverty,0.0,0.0,0.39308293191074417,0,0,0.6069170680892558
35 - 44 Years,12 Years,Below Poverty,1.0,0.0,0.7527959901428923,1,1,0.24720400985710766
55 - 64 Years,Some College,Below Poverty,1.0,0.0,0.7965396211883791,1,1,0.20346037881162093
55 - 64 Years,Some College,"<= $75,000, Above Poverty",0.0,1.0,0.5411987865513385,1,1,0.45880121344866154
55 - 64 Years,College Graduate,"> $75,000",0.0,0.0,0.49257119699011176,1,0,0.5074288030098882
35 - 44 Years,< 12 Years,Below Poverty,0.0,0.0,0.1606196103150967,0,0,0.8393803896849032
45 - 54 Years,Some College,"<= $75,000, Above Poverty",0.0,1.0,0.7839167091879202,1,1,0.21608329081207978
55 - 64 Years,College Graduate,"<= $75,000, Above Poverty",0.0,0.0,0.30402556235948575,0,0,0.6959744376405143
45 - 54 Years,Some College,"<= $75,000, Above Poverty",1.0,0.0,0.7789989623364334,1,0,0.2210010376635666
45 - 54 Years,College Graduate,"> $75,000",1.0,0.0,0.9333071538214369,1,0,0.06669284617856308
65+ Years,Some College,"<= $75,000, Above Poverty",0.0,0.0,0.18425257064567535,0,0,0.8157474293543246
65+ Years,< 12 Years,"<= $75,000, Above Poverty",0.0,0.0,0.23669328991690378,0,0,0.7633067100830963
55 - 64 Years,Some College,"<= $75,000, Above Poverty",0.0,0.0,0.30136273908758393,0,0,0.6986372609124161
45 - 54 Years,College Graduate,"<= $75,000, Above Poverty",1.0,0.0,0.9348964779596747,1,0,0.06510352204032532
45 - 54 Years,Some College,"<= $75,000, Above Poverty",0.0,0.0,0.14485974438924665,0,0,0.8551402556107534
45 - 54 Years,12 Years,"<= $75,000, Above Poverty",0.0,0.0,0.2080845784629417,0,0,0.7919154215370583
18 - 34 Years,< 12 Years,Below Poverty,0.0,0.0,0.1812468157461869,0,0,0.8187531842538132
55 - 64 Years,< 12 Years,"<= $75,000, Above Poverty",0.0,0.0,0.2966505326630431,0,0,0.7033494673369569
18 - 34 Years,Some College,"> $75,000",1.0,1.0,0.5317950586020747,1,0,0.46820494139792534
18 - 34 Years,College Graduate,"<= $75,000, Above Poverty",0.0,0.0,0.49910147237796165,1,0,0.5008985276220383
65+ Years,12 Years,"<= $75,000, Above Poverty",0.0,0.0,0.591804618887337,1,0,0.40819538111266296
18 - 34 Years,12 Years,"<= $75,000, Above Poverty",0.0,0.0,0.5044642995420977,1,0,0.4955357004579023
18 - 34 Years,12 Years,"> $75,000",0.0,0.0,0.31189027287152343,0,0,0.6881097271284766
35 - 44 Years,College Graduate,"> $75,000",0.0,0.0,0.19991763675123056,0,0,0.8000823632487695
65+ Years,College Graduate,"<= $75,000, Above Poverty",0.0,1.0,0.5501090457955421,1,0,0.4498909542044579
45 - 54 Years,College Graduate,"<= $75,000, Above Poverty",1.0,0.0,0.7889619671793068,1,1,0.21103803282069322
45 - 54 Years,College Graduate,"<= $75,000, Above Poverty",0.0,1.0,0.7722622608409648,1,0,0.22773773915903517
55 - 64 Years,College Graduate,"> $75,000",1.0,0.0,0.840798063317362,1,1,0.15920193668263805
55 - 64 Years,< 12 Years,"<= $75,000, Above Poverty",0.0,0.0,0.2692490846500698,0,0,0.7307509153499302
55 - 64 Years,12 Years,"<= $75,000, Above Poverty",0.0,0.0,0.2732891913874457,0,0,0.7267108086125543
45 - 54 Years,< 12 Years,Below Poverty,0.0,0.0,0.2944714817016991,0,0,0.7055285182983009
35 - 44 Years,12 Years,"<= $75,000, Above Poverty",0.0,0.0,0.038502867350370236,0,0,0.9614971326496298
18 - 34 Years,Some College,"> $75,000",0.0,0.0,0.2898803241918108,0,0,0.7101196758081891
65+ Years,12 Years,"<= $75,000, Above Poverty",1.0,0.0,0.4523711062673347,1,0,0.5476288937326653
55 - 64 Years,Some College,"<= $75,000, Above Poverty",1.0,1.0,0.9493252774757716,1,1,0.050674722524228444
45 - 54 Years,Some College,"> $75,000",1.0,0.0,0.7295489426332297,1,0,0.27045105736677033
35 - 44 Years,College Graduate,"<= $75,000, Above Poverty",0.0,0.0,0.47866780165011125,1,0,0.5213321983498888
65+ Years,College Graduate,"> $75,000",0.0,0.0,0.4590785431616694,1,0,0.5409214568383306
45 - 54 Years,Some College,"> $75,000",1.0,0.0,0.7501744926936076,1,1,0.2498255073063924
18 - 34 Years,College Graduate,"<= $75,000, Above Poverty",0.0,0.0,0.38902058749036067,0,0,0.6109794125096393
55 - 64 Years,Some College,"<= $75,000, Above Poverty",1.0,0.0,0.9140591384293019,1,1,0.08594086157069813
55 - 64 Years,< 12 Years,"<= $75,000, Above Poverty",0.0,0.0,0.23036845451510463,0,0,0.7696315454848954
55 - 64 Years,Some College,"> $75,000",1.0,0.0,0.5462975315219,1,0,0.45370246847810003
65+ Years,12 Years,"<= $75,000, Above Poverty",0.0,0.0,0.32879882525173376,0,1,0.6712011747482662
18 - 34 Years,Some College,"> $75,000",1.0,0.0,0.8353286963641243,1,1,0.16467130363587568
18 - 34 Years,College Graduate,"<= $75,000, Above Poverty",0.0,1.0,0.3048861325567262,0,0,0.6951138674432737
65+ Years,Some College,"<= $75,000, Above Poverty",0.0,0.0,0.3764939617593753,0,0,0.6235060382406248
45 - 54 Years,Some College,"> $75,000",0.0,0.0,0.3061631885044043,0,0,0.6938368114955957
65+ Years,College Graduate,"<= $75,000, Above Poverty",0.0,0.0,0.27955066777385773,0,1,0.7204493322261423
45 - 54 Years,College Graduate,Below Poverty,0.0,0.0,0.11577018608422486,0,0,0.8842298139157752
55 - 64 Years,12 Years,"> $75,000",1.0,0.0,0.7779317804454079,1,1,0.2220682195545921
45 - 54 Years,College Graduate,"<= $75,000, Above Poverty",0.0,0.0,0.4034955587150828,1,0,0.5965044412849172
65+ Years,12 Years,"<= $75,000, Above Poverty",0.0,0.0,0.28136827469241665,0,0,0.7186317253075833
55 - 64 Years,College Graduate,"<= $75,000, Above Poverty",0.0,0.0,0.377223381890464,0,0,0.622776618109536
35 - 44 Years,College Graduate,"> $75,000",1.0,0.0,0.7935483553650213,1,0,0.20645164463497867
45 - 54 Years,Some College,"<= $75,000, Above Poverty",0.0,0.0,0.2947431738813477,0,0,0.7052568261186523
65+ Years,Some College,Below Poverty,0.0,0.0,0.7294813940123652,1,0,0.2705186059876348
45 - 54 Years,College Graduate,"> $75,000",0.0,0.0,0.13702603188659024,0,0,0.8629739681134098
18 - 34 Years,College Graduate,"> $75,000",0.0,0.0,0.28733411061494013,0,0,0.7126658893850599
45 - 54 Years,College Graduate,"> $75,000",1.0,0.0,0.8796045785098991,1,0,0.12039542149010085
65+ Years,< 12 Years,Below Poverty,1.0,0.0,0.8427972125168274,1,1,0.15720278748317262
45 - 54 Years,Some College,"<= $75,000, Above Poverty",0.0,0.0,0.09460820815528873,0,0,0.9053917918447113
45 - 54 Years,College Graduate,"> $75,000",0.0,0.0,0.18953044830559687,0,0,0.8104695516944032
65+ Years,12 Years,Below Poverty,0.0,0.0,0.3635076045061119,0,0,0.6364923954938881
65+ Years,Some College,"> $75,000",0.0,0.0,0.27499065284016344,0,0,0.7250093471598366
45 - 54 Years,College Graduate,Below Poverty,0.0,0.0,0.2130880005830588,0,0,0.7869119994169412
65+ Years,12 Years,"<= $75,000, Above Poverty",0.0,0.0,0.2882927332198128,0,0,0.7117072667801871
18 - 34 Years,Some College,"<= $75,000, Above Poverty",1.0,1.0,0.8828026370604037,1,0,0.11719736293959626
65+ Years,Some College,"<= $75,000, Above Poverty",1.0,0.0,0.8389560631903281,1,1,0.16104393680967188
65+ Years,College Graduate,"<= $75,000, Above Poverty",0.0,0.0,0.5825840776658008,1,0,0.4174159223341992
55 - 64 Years,College Graduate,"<= $75,000, Above Poverty",0.0,0.0,0.29897840838363615,0,0,0.7010215916163638
35 - 44 Years,12 Years,Below Poverty,0.0,0.0,0.27648948314781174,0,0,0.7235105168521883
45 - 54 Years,12 Years,"<= $75,000, Above Poverty",0.0,0.0,0.24544096434855783,0,0,0.7545590356514422
18 - 34 Years,College Graduate,"<= $75,000, Above Poverty",0.0,0.0,0.27330328969989115,0,0,0.7266967103001089
35 - 44 Years,College Graduate,"> $75,000",0.0,0.0,0.3292284247899605,0,0,0.6707715752100395
18 - 34 Years,Some College,"<= $75,000, Above Poverty",0.0,0.0,0.1911218728057586,0,0,0.8088781271942413
55 - 64 Years,Some College,"<= $75,000, Above Poverty",0.0,0.0,0.2656169739884756,0,0,0.7343830260115244
55 - 64 Years,College Graduate,"> $75,000",0.0,0.0,0.7137780767363276,1,0,0.28622192326367235
65+ Years,College Graduate,"<= $75,000, Above Poverty",0.0,0.0,0.47151288004860464,1,0,0.5284871199513954
18 - 34 Years,Some College,"> $75,000",0.0,0.0,0.21406336618001284,0,0,0.7859366338199871
35 - 44 Years,College Graduate,"> $75,000",1.0,1.0,0.9100768133696325,1,1,0.08992318663036747
45 - 54 Years,12 Years,"<= $75,000, Above Poverty",0.0,0.0,0.2173897974570084,0,0,0.7826102025429916
55 - 64 Years,Some College,"<= $75,000, Above Poverty",0.0,0.0,0.27272036006539013,0,0,0.7272796399346099
18 - 34 Years,College Graduate,"<= $75,000, Above Poverty",0.0,0.0,0.32778775179368,0,1,0.67221224820632
18 - 34 Years,Some College,"> $75,000",0.0,0.0,0.2097274915574975,0,0,0.7902725084425025
65+ Years,College Graduate,"> $75,000",0.0,0.0,0.14018972675189625,0,1,0.8598102732481038
35 - 44 Years,< 12 Years,"<= $75,000, Above Poverty",0.0,0.0,0.5649820909281622,1,0,0.4350179090718378
55 - 64 Years,< 12 Years,"<= $75,000, Above Poverty",0.0,0.0,0.3402917928919439,0,0,0.6597082071080561
45 - 54 Years,Some College,"<= $75,000, Above Poverty",0.0,0.0,0.18388106761614126,0,0,0.8161189323838587
35 - 44 Years,< 12 Years,"<= $75,000, Above Poverty",0.0,0.0,0.3784515750790677,0,0,0.6215484249209323
55 - 64 Years,12 Years,"<= $75,000, Above Poverty",1.0,0.0,0.6675142097725965,1,1,0.33248579022740354
45 - 54 Years,Some College,"<= $75,000, Above Poverty",1.0,0.0,0.5910259250425588,1,0,0.4089740749574412
55 - 64 Years,12 Years,"> $75,000",0.0,0.0,0.24376763936216592,0,0,0.7562323606378341
55 - 64 Years,Some College,"> $75,000",0.0,0.0,0.35914638010398603,0,0,0.640853619896014
55 - 64 Years,Some College,Below Poverty,0.0,0.0,0.2702715361773824,0,0,0.7297284638226176
55 - 64 Years,Some College,"<= $75,000, Above Poverty",0.0,0.0,0.30657565967808403,0,0,0.693424340321916
18 - 34 Years,< 12 Years,Below Poverty,0.0,1.0,0.4307380140051268,1,0,0.5692619859948732
55 - 64 Years,Some College,"<= $75,000, Above Poverty",1.0,0.0,0.8765931524227168,1,0,0.12340684757728315
35 - 44 Years,Some College,"> $75,000",0.0,0.0,0.26740195684020024,0,0,0.7325980431597998
45 - 54 Years,Some College,"<= $75,000, Above Poverty",0.0,0.0,0.19110562916800605,0,0,0.808894370831994
45 - 54 Years,Some College,"> $75,000",0.0,0.0,0.3854005243760669,0,0,0.614599475623933
65+ Years,College Graduate,"> $75,000",0.0,0.0,0.2525311594655323,0,1,0.7474688405344677
45 - 54 Years,College Graduate,"> $75,000",0.0,0.0,0.30415377541796895,0,0,0.695846224582031
45 - 54 Years,College Graduate,"<= $75,000, Above Poverty",0.0,0.0,0.25344712969642486,0,0,0.7465528703035751
45 - 54 Years,12 Years,"<= $75,000, Above Poverty",0.0,0.0,0.10654332760032406,0,0,0.893456672399676
18 - 34 Years,College Graduate,"> $75,000",0.0,0.0,0.14630552635815808,0,0,0.8536944736418419
18 - 34 Years,12 Years,Below Poverty,0.0,0.0,0.424403816150717,1,0,0.575596183849283
65+ Years,Some College,"<= $75,000, Above Poverty",1.0,0.0,0.8397650518621117,1,1,0.1602349481378883
45 - 54 Years,College Graduate,"> $75,000",0.0,1.0,0.5023492064360221,1,0,0.4976507935639779
65+ Years,College Graduate,"<= $75,000, Above Poverty",0.0,0.0,0.24633571711033203,0,0,0.753664282889668
65+ Years,12 Years,"<= $75,000, Above Poverty",1.0,0.0,0.8841461961429984,1,1,0.11585380385700161
65+ Years,< 12 Years,"<= $75,000, Above Poverty",0.0,0.0,0.6101275415122605,1,1,0.38987245848773955
18 - 34 Years,College Graduate,"> $75,000",0.0,0.0,0.22921210648128673,0,0,0.7707878935187132
45 - 54 Years,Some College,"> $75,000",0.0,0.0,0.3494539978761816,0,0,0.6505460021238184
35 - 44 Years,College Graduate,"> $75,000",1.0,1.0,0.9086434403833143,1,1,0.09135655961668565
45 - 54 Years,College Graduate,"<= $75,000, Above Poverty",0.0,0.0,0.4067304257772975,1,0,0.5932695742227025
65+ Years,Some College,"<= $75,000, Above Poverty",0.0,1.0,0.37217234637793034,0,0,0.6278276536220697
65+ Years,12 Years,"<= $75,000, Above Poverty",0.0,0.0,0.39019820055085147,0,0,0.6098017994491485
55 - 64 Years,12 Years,"<= $75,000, Above Poverty",1.0,0.0,0.6916549956847112,1,1,0.3083450043152888
65+ Years,Some College,"<= $75,000, Above Poverty",0.0,0.0,0.10070358991643778,0,0,0.8992964100835622
18 - 34 Years,< 12 Years,Below Poverty,1.0,0.0,0.8158346871169855,1,0,0.18416531288301452
55 - 64 Years,College Graduate,"<= $75,000, Above Poverty",0.0,0.0,0.12965386732468123,0,0,0.8703461326753188
45 - 54 Years,Some College,"<= $75,000, Above Poverty",1.0,0.0,0.6171174421170211,1,0,0.38288255788297887
55 - 64 Years,Some College,"<= $75,000, Above Poverty",0.0,0.0,0.31795805013283,0,0,0.6820419498671699
55 - 64 Years,12 Years,"<= $75,000, Above Poverty",0.0,0.0,0.39322984117274484,0,0,0.6067701588272552
65+ Years,College Graduate,"<= $75,000, Above Poverty",0.0,0.0,0.47878055359854566,1,0,0.5212194464014543
65+ Years,12 Years,"<= $75,000, Above Poverty",0.0,0.0,0.3215504745380816,0,0,0.6784495254619184
65+ Years,Some College,"<= $75,000, Above Poverty",0.0,0.0,0.27278380262262225,0,0,0.7272161973773777
45 - 54 Years,College Graduate,"> $75,000",0.0,1.0,0.8325245066297436,1,1,0.16747549337025636
35 - 44 Years,Some College,"> $75,000",0.0,0.0,0.258185582335938,0,0,0.741814417664062
65+ Years,College Graduate,"<= $75,000, Above Poverty",0.0,0.0,0.5285425933202132,1,0,0.47145740667978675
65+ Years,12 Years,"<= $75,000, Above Poverty",0.0,0.0,0.03457283239755034,0,0,0.9654271676024496
18 - 34 Years,12 Years,"<= $75,000, Above Poverty",0.0,0.0,0.5683562044828494,1,1,0.4316437955171506
45 - 54 Years,12 Years,Below Poverty,1.0,0.0,0.7221821409472868,1,1,0.27781785905271317
45 - 54 Years,Some College,"<= $75,000, Above Poverty",0.0,0.0,0.2459129092438002,0,0,0.7540870907561998
65+ Years,12 Years,"<= $75,000, Above Poverty",0.0,0.0,0.5741789015452886,1,0,0.4258210984547114
55 - 64 Years,College Graduate,"> $75,000",1.0,0.0,0.7578391729865617,1,0,0.24216082701343833
18 - 34 Years,Some College,"<= $75,000, Above Poverty",0.0,0.0,0.3488649881885579,0,0,0.6511350118114421
45 - 54 Years,College Graduate,"> $75,000",1.0,0.0,0.7968911227322578,1,1,0.20310887726774218
55 - 64 Years,12 Years,"<= $75,000, Above Poverty",0.0,0.0,0.2055876220390108,0,0,0.7944123779609892
55 - 64 Years,Some College,"<= $75,000, Above Poverty",0.0,0.0,0.06452320116465315,0,0,0.9354767988353468
55 - 64 Years,College Graduate,"<= $75,000, Above Poverty",1.0,0.0,0.8874637408253693,1,1,0.11253625917463073
65+ Years,12 Years,"<= $75,000, Above Poverty",0.0,0.0,0.5747437825090946,1,0,0.42525621749090536
65+ Years,12 Years,"<= $75,000, Above Poverty",0.0,0.0,0.29755111049757993,0,0,0.7024488895024201
55 - 64 Years,College Graduate,"<= $75,000, Above Poverty",0.0,0.0,0.6600512736571811,1,1,0.3399487263428189
65+ Years,College Graduate,"<= $75,000, Above Poverty",1.0,0.0,0.9247083833648124,1,0,0.07529161663518757
35 - 44 Years,Some College,Below Poverty,0.0,0.0,0.2765160131302173,0,0,0.7234839868697827
18 - 34 Years,Some College,"<= $75,000, Above Poverty",0.0,0.0,0.22944908253374016,0,0,0.7705509174662598
35 - 44 Years,12 Years,"> $75,000",0.0,0.0,0.2834245077674779,0,0,0.716575492232522
18 - 34 Years,12 Years,"> $75,000",0.0,0.0,0.24965797357154865,0,0,0.7503420264284514
45 - 54 Years,College Graduate,"<= $75,000, Above Poverty",0.0,1.0,0.5561455745269609,1,0,0.4438544254730391
55 - 64 Years,Some College,"<= $75,000, Above Poverty",1.0,0.0,0.8988651975959966,1,1,0.10113480240400341
35 - 44 Years,College Graduate,"<= $75,000, Above Poverty",0.0,0.0,0.5086436451053863,1,0,0.4913563548946137
45 - 54 Years,College Graduate,"<= $75,000, Above Poverty",0.0,0.0,0.19764974633205099,0,1,0.802350253667949
65+ Years,Some College,"<= $75,000, Above Poverty",1.0,0.0,0.6609258361853201,1,0,0.3390741638146799
55 - 64 Years,Some College,"<= $75,000, Above Poverty",0.0,0.0,0.6857183143648111,1,0,0.3142816856351889
35 - 44 Years,College Graduate,"> $75,000",0.0,0.0,0.6241751852313134,1,0,0.37582481476868657
55 - 64 Years,Some College,"<= $75,000, Above Poverty",0.0,0.0,0.3552480028928872,0,0,0.6447519971071127
65+ Years,Some College,"<= $75,000, Above Poverty",0.0,0.0,0.15514378992418054,0,0,0.8448562100758195
55 - 64 Years,College Graduate,"<= $75,000, Above Poverty",1.0,0.0,0.8796979520749567,1,1,0.12030204792504329
65+ Years,< 12 Years,Below Poverty,0.0,0.0,0.5709310247306942,1,0,0.42906897526930576
65+ Years,12 Years,"<= $75,000, Above Poverty",1.0,0.0,0.5288771562944894,1,0,0.4711228437055106
35 - 44 Years,< 12 Years,"<= $75,000, Above Poverty",0.0,0.0,0.26860786864830727,0,1,0.7313921313516927
18 - 34 Years,Some College,"<= $75,000, Above Poverty",1.0,0.0,0.9319140320407936,1,0,0.0680859679592064
35 - 44 Years,College Graduate,"> $75,000",0.0,0.0,0.2364595414434756,0,0,0.7635404585565244
45 - 54 Years,12 Years,Below Poverty,0.0,0.0,0.17471850420219887,0,0,0.8252814957978012
65+ Years,< 12 Years,"<= $75,000, Above Poverty",0.0,0.0,0.2596503295888562,0,0,0.7403496704111439
45 - 54 Years,College Graduate,"<= $75,000, Above Poverty",0.0,0.0,0.09131505018996364,0,0,0.9086849498100363
65+ Years,Some College,"<= $75,000, Above Poverty",0.0,0.0,0.28655638661663924,0,0,0.7134436133833608
55 - 64 Years,College Graduate,"<= $75,000, Above Poverty",1.0,0.0,0.8520017181430158,1,0,0.14799828185698416
65+ Years,Some College,"<= $75,000, Above Poverty",0.0,0.0,0.19394918007182163,0,0,0.8060508199281784
35 - 44 Years,12 Years,"<= $75,000, Above Poverty",0.0,0.0,0.18197616072719916,0,0,0.8180238392728009
65+ Years,Some College,"<= $75,000, Above Poverty",0.0,0.0,0.3238843547759116,0,0,0.6761156452240884
65+ Years,College Graduate,"<= $75,000, Above Poverty",0.0,0.0,0.37024365649414864,0,0,0.6297563435058513
45 - 54 Years,College Graduate,"<= $75,000, Above Poverty",1.0,1.0,0.9549940687854677,1,0,0.045005931214532335
45 - 54 Years,College Graduate,"<= $75,000, Above Poverty",0.0,0.0,0.3449026350686267,0,1,0.6550973649313734
18 - 34 Years,College Graduate,"<= $75,000, Above Poverty",0.0,0.0,0.5070228783402663,1,0,0.49297712165973373
55 - 64 Years,Some College,"<= $75,000, Above Poverty",1.0,0.0,0.7843869293195611,1,1,0.2156130706804389
18 - 34 Years,College Graduate,"<= $75,000, Above Poverty",0.0,0.0,0.5322938825383775,1,0,0.4677061174616225
18 - 34 Years,College Graduate,"> $75,000",0.0,0.0,0.2016793295918934,0,0,0.7983206704081066
18 - 34 Years,College Graduate,"<= $75,000, Above Poverty",0.0,0.0,0.3170240136754475,0,0,0.6829759863245525
65+ Years,Some College,"> $75,000",0.0,0.0,0.5263601843115825,1,0,0.4736398156884175
45 - 54 Years,College Graduate,"<= $75,000, Above Poverty",0.0,0.0,0.11109877452026769,0,0,0.8889012254797323
65+ Years,12 Years,"<= $75,000, Above Poverty",1.0,0.0,0.8112028200778553,1,1,0.18879717992214473
18 - 34 Years,College Graduate,"<= $75,000, Above Poverty",0.0,0.0,0.4486940996769781,1,0,0.5513059003230218
18 - 34 Years,12 Years,"<= $75,000, Above Poverty",0.0,0.0,0.16008888102804494,0,1,0.839911118971955
55 - 64 Years,College Graduate,"> $75,000",0.0,0.0,0.21585191236332527,0,0,0.7841480876366748
65+ Years,College Graduate,"<= $75,000, Above Poverty",0.0,0.0,0.38728210872743907,0,0,0.6127178912725609
35 - 44 Years,Some College,"<= $75,000, Above Poverty",0.0,0.0,0.209321447929357,0,0,0.790678552070643
45 - 54 Years,Some College,"<= $75,000, Above Poverty",0.0,0.0,0.16564260267594308,0,0,0.8343573973240569
45 - 54 Years,12 Years,"> $75,000",0.0,0.0,0.2781863790693738,0,0,0.7218136209306262
55 - 64 Years,Some College,"<= $75,000, Above Poverty",0.0,0.0,0.27731978042668703,0,0,0.722680219573313
35 - 44 Years,College Graduate,"> $75,000",0.0,1.0,0.4230175195139056,1,0,0.5769824804860944
45 - 54 Years,College Graduate,"<= $75,000, Above Poverty",0.0,0.0,0.37867814811595063,0,0,0.6213218518840493
45 - 54 Years,12 Years,"> $75,000",1.0,0.0,0.7207068812222899,1,1,0.2792931187777101
55 - 64 Years,College Graduate,"<= $75,000, Above Poverty",0.0,0.0,0.13791937137467902,0,0,0.862080628625321
45 - 54 Years,College Graduate,"> $75,000",1.0,1.0,0.8346069221028316,1,1,0.1653930778971684
65+ Years,< 12 Years,"<= $75,000, Above Poverty",0.0,0.0,0.08875805928525503,0,0,0.911241940714745
65+ Years,College Graduate,"<= $75,000, Above Poverty",0.0,1.0,0.7098508943377686,1,1,0.2901491056622314
18 - 34 Years,Some College,"> $75,000",0.0,0.0,0.19435079279148168,0,0,0.8056492072085183
45 - 54 Years,Some College,"> $75,000",1.0,0.0,0.5097203757730266,1,0,0.49027962422697335
65+ Years,12 Years,"<= $75,000, Above Poverty",0.0,0.0,0.32291026360892455,0,0,0.6770897363910755
45 - 54 Years,College Graduate,"> $75,000",0.0,0.0,0.28055727681918186,0,0,0.7194427231808181
35 - 44 Years,Some College,"> $75,000",0.0,0.0,0.30201320809045157,0,0,0.6979867919095484
65+ Years,College Graduate,"<= $75,000, Above Poverty",0.0,0.0,0.5722037001712987,1,0,0.42779629982870127
45 - 54 Years,College Graduate,"> $75,000",0.0,0.0,0.5182997140332898,1,0,0.4817002859667102
18 - 34 Years,12 Years,"<= $75,000, Above Poverty",0.0,0.0,0.21733531341202064,0,0,0.7826646865879794
45 - 54 Years,12 Years,Below Poverty,1.0,0.0,0.8575319327920122,1,1,0.14246806720798777
45 - 54 Years,College Graduate,"> $75,000",1.0,1.0,0.9034386825015349,1,0,0.09656131749846508
55 - 64 Years,12 Years,"<= $75,000, Above Poverty",0.0,0.0,0.35974613723731436,0,0,0.6402538627626857
18 - 34 Years,12 Years,"<= $75,000, Above Poverty",0.0,0.0,0.131158847404283,0,1,0.868841152595717
55 - 64 Years,Some College,"<= $75,000, Above Poverty",0.0,1.0,0.4450187788322889,1,0,0.5549812211677111
45 - 54 Years,Some College,"> $75,000",0.0,0.0,0.18656283416551794,0,0,0.8134371658344821
18 - 34 Years,College Graduate,"<= $75,000, Above Poverty",0.0,0.0,0.1731917518351178,0,0,0.8268082481648822
18 - 34 Years,College Graduate,Below Poverty,0.0,0.0,0.3745173565772672,0,0,0.6254826434227327
45 - 54 Years,College Graduate,"<= $75,000, Above Poverty",1.0,0.0,0.6730044413066177,1,0,0.32699555869338226
65+ Years,12 Years,"<= $75,000, Above Poverty",0.0,0.0,0.6497465969388837,1,0,0.3502534030611163
35 - 44 Years,Some College,"> $75,000",1.0,0.0,0.6173325186342932,1,0,0.38266748136570683
35 - 44 Years,12 Years,"<= $75,000, Above Poverty",0.0,0.0,0.13956146177222148,0,0,0.8604385382277785
55 - 64 Years,College Graduate,"<= $75,000, Above Poverty",0.0,0.0,0.40776345796098995,1,0,0.5922365420390101
45 - 54 Years,Some College,"<= $75,000, Above Poverty",0.0,0.0,0.28589712273025497,0,0,0.7141028772697451
65+ Years,12 Years,"<= $75,000, Above Poverty",0.0,0.0,0.2383421051974082,0,0,0.7616578948025918
55 - 64 Years,College Graduate,"<= $75,000, Above Poverty",0.0,0.0,0.4269454723269647,1,0,0.5730545276730352
18 - 34 Years,College Graduate,"> $75,000",0.0,0.0,0.28623578200743,0,0,0.7137642179925701
45 - 54 Years,12 Years,"<= $75,000, Above Poverty",0.0,0.0,0.25137324176758924,0,0,0.7486267582324108
65+ Years,College Graduate,"> $75,000",0.0,0.0,0.3667814436451375,0,0,0.6332185563548625
35 - 44 Years,Some College,"<= $75,000, Above Poverty",0.0,0.0,0.26012134671154663,0,0,0.7398786532884534
45 - 54 Years,12 Years,"<= $75,000, Above Poverty",1.0,0.0,0.7169264804227302,1,0,0.2830735195772698
45 - 54 Years,College Graduate,"> $75,000",0.0,0.0,0.4601054887743892,1,0,0.5398945112256108
55 - 64 Years,12 Years,"<= $75,000, Above Poverty",0.0,0.0,0.11224229512805078,0,0,0.8877577048719492
65+ Years,12 Years,"<= $75,000, Above Poverty",0.0,0.0,0.24006107800951676,0,0,0.7599389219904833
55 - 64 Years,12 Years,"<= $75,000, Above Poverty",0.0,0.0,0.14404536709438057,0,0,0.8559546329056195
65+ Years,< 12 Years,"<= $75,000, Above Poverty",1.0,0.0,0.7231706929718931,1,1,0.27682930702810693
45 - 54 Years,Some College,Below Poverty,1.0,1.0,0.9425220368702423,1,1,0.057477963129757725
55 - 64 Years,College Graduate,"<= $75,000, Above Poverty",0.0,0.0,0.46243755740921555,1,1,0.5375624425907845
55 - 64 Years,College Graduate,"> $75,000",0.0,0.0,0.17664642400346667,0,0,0.8233535759965334
55 - 64 Years,< 12 Years,"<= $75,000, Above Poverty",1.0,0.0,0.5429513567374814,1,0,0.4570486432625186
35 - 44 Years,12 Years,Below Poverty,1.0,0.0,0.47373222575496127,1,0,0.5262677742450388
18 - 34 Years,College Graduate,"<= $75,000, Above Poverty",1.0,0.0,0.8532618136246157,1,1,0.14673818637538427
55 - 64 Years,College Graduate,"<= $75,000, Above Poverty",1.0,0.0,0.7810737296233734,1,0,0.2189262703766266
45 - 54 Years,Some College,Below Poverty,1.0,0.0,0.23764087184822053,0,1,0.7623591281517794
65+ Years,12 Years,"<= $75,000, Above Poverty",0.0,0.0,0.4538410181799354,1,1,0.5461589818200646
45 - 54 Years,College Graduate,"> $75,000",0.0,1.0,0.7725345603392354,1,0,0.2274654396607646
65+ Years,College Graduate,"<= $75,000, Above Poverty",1.0,0.0,0.8741126062202117,1,0,0.1258873937797883
35 - 44 Years,College Graduate,"> $75,000",0.0,0.0,0.40875082805990887,1,1,0.5912491719400912
55 - 64 Years,Some College,"<= $75,000, Above Poverty",0.0,0.0,0.3967635913721673,0,0,0.6032364086278327
45 - 54 Years,12 Years,"<= $75,000, Above Poverty",0.0,0.0,0.15427432855025172,0,0,0.8457256714497483
65+ Years,College Graduate,"<= $75,000, Above Poverty",1.0,0.0,0.9175711653962733,1,0,0.08242883460372674
55 - 64 Years,12 Years,"<= $75,000, Above Poverty",0.0,0.0,0.27005613298979425,0,0,0.7299438670102057
45 - 54 Years,12 Years,Below Poverty,0.0,0.0,0.1353473010471751,0,0,0.8646526989528249
65+ Years,12 Years,"<= $75,000, Above Poverty",0.0,0.0,0.3353505495930965,0,0,0.6646494504069035
35 - 44 Years,College Graduate,"> $75,000",0.0,0.0,0.3936447358812875,0,0,0.6063552641187124
35 - 44 Years,College Graduate,"> $75,000",0.0,0.0,0.16225246373165875,0,0,0.8377475362683413
18 - 34 Years,College Graduate,"<= $75,000, Above Poverty",0.0,0.0,0.3129508237465649,0,0,0.6870491762534351
45 - 54 Years,12 Years,"<= $75,000, Above Poverty",0.0,0.0,0.16982378986175864,0,0,0.8301762101382414
55 - 64 Years,College Graduate,"> $75,000",0.0,0.0,0.4446698335263538,1,1,0.5553301664736462
18 - 34 Years,< 12 Years,Below Poverty,0.0,0.0,0.2444505094657911,0,0,0.7555494905342088
18 - 34 Years,College Graduate,Below Poverty,1.0,0.0,0.6984744176497759,1,0,0.3015255823502241
45 - 54 Years,Some College,"<= $75,000, Above Poverty",0.0,0.0,0.09734990581540552,0,0,0.9026500941845945
45 - 54 Years,College Graduate,"> $75,000",0.0,0.0,0.3395080320626017,0,0,0.6604919679373983
55 - 64 Years,Some College,"> $75,000",0.0,0.0,0.5307345498354689,1,0,0.46926545016453114
35 - 44 Years,College Graduate,"<= $75,000, Above Poverty",0.0,0.0,0.23905839375681426,0,0,0.7609416062431857
65+ Years,College Graduate,"<= $75,000, Above Poverty",0.0,0.0,0.43388795725249807,1,0,0.5661120427475019
65+ Years,Some College,"<= $75,000, Above Poverty",0.0,0.0,0.24360045853334034,0,0,0.7563995414666597
35 - 44 Years,College Graduate,"<= $75,000, Above Poverty",0.0,0.0,0.30285682323395563,0,0,0.6971431767660443
55 - 64 Years,12 Years,"> $75,000",0.0,1.0,0.49591675475731967,1,0,0.5040832452426803
65+ Years,College Graduate,"<= $75,000, Above Poverty",1.0,0.0,0.7376814383428586,1,0,0.2623185616571414
18 - 34 Years,College Graduate,"<= $75,000, Above Poverty",0.0,0.0,0.20095619160565428,0,0,0.7990438083943457
45 - 54 Years,12 Years,"<= $75,000, Above Poverty",0.0,0.0,0.1040153034706515,0,0,0.8959846965293485
65+ Years,College Graduate,"<= $75,000, Above Poverty",1.0,0.0,0.9544800907458924,1,1,0.04551990925410765
45 - 54 Years,College Graduate,"<= $75,000, Above Poverty",0.0,0.0,0.11051443108884568,0,0,0.8894855689111543
45 - 54 Years,College Graduate,"> $75,000",0.0,0.0,0.34568735559344643,0,0,0.6543126444065536
55 - 64 Years,12 Years,"<= $75,000, Above Poverty",1.0,0.0,0.8135773507781179,1,0,0.18642264922188212
18 - 34 Years,College Graduate,Below Poverty,0.0,0.0,0.39792242767250063,0,0,0.6020775723274994
65+ Years,College Graduate,"<= $75,000, Above Poverty",0.0,0.0,0.36514671175872415,0,1,0.6348532882412758
55 - 64 Years,College Graduate,"> $75,000",0.0,0.0,0.31822709808081845,0,0,0.6817729019191816
65+ Years,College Graduate,"<= $75,000, Above Poverty",0.0,0.0,0.44274105676622677,1,0,0.5572589432337732
45 - 54 Years,Some College,"> $75,000",0.0,0.0,0.2143968844908656,0,0,0.7856031155091344
18 - 34 Years,Some College,Below Poverty,1.0,0.0,0.4541167536008877,1,0,0.5458832463991123
18 - 34 Years,College Graduate,"<= $75,000, Above Poverty",0.0,0.0,0.39874887226802846,0,0,0.6012511277319715
65+ Years,College Graduate,"<= $75,000, Above Poverty",0.0,1.0,0.7537233979354747,1,0,0.24627660206452529
18 - 34 Years,Some College,"<= $75,000, Above Poverty",0.0,0.0,0.2984803326780993,0,0,0.7015196673219006
45 - 54 Years,12 Years,Below Poverty,0.0,1.0,0.5287351472204641,1,0,0.4712648527795359
35 - 44 Years,12 Years,"<= $75,000, Above Poverty",0.0,0.0,0.3611941464387702,0,0,0.6388058535612298
65+ Years,College Graduate,"<= $75,000, Above Poverty",0.0,0.0,0.3821025079360283,0,0,0.6178974920639717
18 - 34 Years,12 Years,Below Poverty,0.0,0.0,0.14204380300560207,0,0,0.857956196994398
18 - 34 Years,< 12 Years,Below Poverty,0.0,0.0,0.09556700525724134,0,0,0.9044329947427586
45 - 54 Years,12 Years,"> $75,000",0.0,0.0,0.2894069632008672,0,0,0.7105930367991329
45 - 54 Years,College Graduate,"<= $75,000, Above Poverty",0.0,0.0,0.39287605275938814,0,0,0.6071239472406118
55 - 64 Years,College Graduate,"<= $75,000, Above Poverty",0.0,0.0,0.3352366886389628,0,1,0.6647633113610372
35 - 44 Years,College Graduate,"> $75,000",1.0,0.0,0.8139706522476655,1,0,0.18602934775233448
65+ Years,12 Years,"<= $75,000, Above Poverty",0.0,0.0,0.4799095969001234,1,1,0.5200904030998765
65+ Years,12 Years,"<= $75,000, Above Poverty",0.0,0.0,0.14487205837335854,0,0,0.8551279416266415
65+ Years,College Graduate,"<= $75,000, Above Poverty",0.0,0.0,0.31670533512603344,0,1,0.6832946648739666
18 - 34 Years,College Graduate,"> $75,000",1.0,0.0,0.7663878820223181,1,1,0.2336121179776819
55 - 64 Years,12 Years,"<= $75,000, Above Poverty",0.0,0.0,0.5783649456565528,1,0,0.42163505434344717
18 - 34 Years,Some College,"<= $75,000, Above Poverty",0.0,0.0,0.255930567565601,0,0,0.744069432434399
18 - 34 Years,12 Years,"<= $75,000, Above Poverty",0.0,0.0,0.39170845327160125,0,0,0.6082915467283987
35 - 44 Years,College Graduate,"> $75,000",0.0,1.0,0.7170910141198386,1,0,0.28290898588016145
65+ Years,Some College,"<= $75,000, Above Poverty",1.0,0.0,0.6281204806198418,1,1,0.3718795193801582
65+ Years,12 Years,"<= $75,000, Above Poverty",1.0,0.0,0.8531321796899125,1,1,0.1468678203100875
18 - 34 Years,12 Years,"<= $75,000, Above Poverty",0.0,0.0,0.2715181903888596,0,0,0.7284818096111404
18 - 34 Years,12 Years,Below Poverty,0.0,0.0,0.2973880418068966,0,0,0.7026119581931034
55 - 64 Years,College Graduate,"> $75,000",0.0,0.0,0.45557832825600736,1,0,0.5444216717439927
65+ Years,Some College,"<= $75,000, Above Poverty",0.0,0.0,0.6335452236995703,1,0,0.36645477630042966
65+ Years,12 Years,"<= $75,000, Above Poverty",0.0,0.0,0.20899917770968832,0,0,0.7910008222903117
18 - 34 Years,College Graduate,"> $75,000",0.0,0.0,0.5496775809046375,1,0,0.4503224190953625
55 - 64 Years,College Graduate,"<= $75,000, Above Poverty",0.0,0.0,0.17326813208643813,0,0,0.8267318679135619
18 - 34 Years,College Graduate,"<= $75,000, Above Poverty",1.0,0.0,0.9438560157662219,1,1,0.05614398423377809
45 - 54 Years,Some College,Below Poverty,0.0,1.0,0.423778331005731,1,1,0.576221668994269
65+ Years,12 Years,"<= $75,000, Above Poverty",0.0,0.0,0.14971093273805564,0,0,0.8502890672619443
65+ Years,< 12 Years,"<= $75,000, Above Poverty",0.0,0.0,0.3725087775668712,0,0,0.6274912224331288
18 - 34 Years,Some College,"> $75,000",0.0,0.0,0.32061092974321553,0,1,0.6793890702567844
45 - 54 Years,College Graduate,"<= $75,000, Above Poverty",1.0,0.0,0.6607176134339174,1,1,0.33928238656608256
65+ Years,Some College,"<= $75,000, Above Poverty",0.0,0.0,0.24052031445486874,0,1,0.7594796855451312
18 - 34 Years,Some College,"<= $75,000, Above Poverty",0.0,0.0,0.20225456639037098,0,0,0.797745433609629
65+ Years,College Graduate,"<= $75,000, Above Poverty",0.0,0.0,0.5026651331000254,1,1,0.49733486689997464
55 - 64 Years,Some College,"<= $75,000, Above Poverty",0.0,1.0,0.449194789370447,1,0,0.550805210629553
18 - 34 Years,College Graduate,"<= $75,000, Above Poverty",0.0,0.0,0.2023604718174593,0,0,0.7976395281825407
65+ Years,< 12 Years,"<= $75,000, Above Poverty",0.0,0.0,0.22438044381079617,0,0,0.7756195561892039
65+ Years,< 12 Years,"<= $75,000, Above Poverty",1.0,0.0,0.905919825005288,1,0,0.094080174994712
65+ Years,College Graduate,"<= $75,000, Above Poverty",0.0,0.0,0.383712386823742,0,0,0.616287613176258
55 - 64 Years,Some College,"<= $75,000, Above Poverty",0.0,0.0,0.09947400141506352,0,0,0.9005259985849365
35 - 44 Years,12 Years,"<= $75,000, Above Poverty",1.0,0.0,0.8082982122938801,1,1,0.1917017877061199
18 - 34 Years,College Graduate,"> $75,000",1.0,1.0,0.9518819733486522,1,1,0.04811802665134779
18 - 34 Years,College Graduate,Below Poverty,0.0,0.0,0.6123889071863304,1,0,0.38761109281366957
35 - 44 Years,Some College,"<= $75,000, Above Poverty",0.0,0.0,0.15461581729223536,0,0,0.8453841827077646
65+ Years,12 Years,"<= $75,000, Above Poverty",0.0,0.0,0.11187623556497227,0,0,0.8881237644350277
35 - 44 Years,Some College,"> $75,000",0.0,0.0,0.2866152670227331,0,0,0.7133847329772669
65+ Years,Some College,"<= $75,000, Above Poverty",0.0,0.0,0.21537398840889857,0,0,0.7846260115911015
65+ Years,College Graduate,"<= $75,000, Above Poverty",1.0,0.0,0.9200677000821754,1,1,0.07993229991782458
65+ Years,Some College,"<= $75,000, Above Poverty",0.0,0.0,0.2927245922094075,0,0,0.7072754077905925
18 - 34 Years,Some College,"<= $75,000, Above Poverty",1.0,1.0,0.8925853585530088,1,1,0.1074146414469912
65+ Years,College Graduate,"<= $75,000, Above Poverty",1.0,0.0,0.8313270904464654,1,1,0.16867290955353464
18 - 34 Years,12 Years,Below Poverty,1.0,0.0,0.6224691514253092,1,0,0.37753084857469077
55 - 64 Years,College Graduate,"> $75,000",0.0,0.0,0.22067699388441278,0,0,0.7793230061155872
55 - 64 Years,College Graduate,"<= $75,000, Above Poverty",1.0,1.0,0.9113260643010387,1,0,0.08867393569896131
18 - 34 Years,< 12 Years,"<= $75,000, Above Poverty",0.0,0.0,0.2598106654387706,0,1,0.7401893345612294
45 - 54 Years,12 Years,"<= $75,000, Above Poverty",0.0,0.0,0.31440236518131165,0,0,0.6855976348186883
55 - 64 Years,12 Years,"> $75,000",0.0,0.0,0.4262325452205337,1,1,0.5737674547794662
18 - 34 Years,College Graduate,"<= $75,000, Above Poverty",0.0,0.0,0.6129613656458741,1,0,0.3870386343541259
65+ Years,< 12 Years,"<= $75,000, Above Poverty",0.0,0.0,0.2659565057570082,0,0,0.7340434942429919
35 - 44 Years,Some College,"<= $75,000, Above Poverty",0.0,1.0,0.6130443473963835,1,1,0.38695565260361653
18 - 34 Years,< 12 Years,Below Poverty,0.0,0.0,0.06542178593878308,0,0,0.9345782140612169
35 - 44 Years,12 Years,"> $75,000",0.0,0.0,0.16880552354648642,0,0,0.8311944764535135
45 - 54 Years,Some College,"<= $75,000, Above Poverty",1.0,1.0,0.8269415470732989,1,0,0.17305845292670108
65+ Years,College Graduate,"<= $75,000, Above Poverty",0.0,0.0,0.2602558383934111,0,0,0.739744161606589
35 - 44 Years,12 Years,"<= $75,000, Above Poverty",0.0,0.0,0.23141767448089526,0,0,0.7685823255191048
35 - 44 Years,12 Years,Below Poverty,0.0,0.0,0.2535337076883986,0,0,0.7464662923116014
18 - 34 Years,Some College,"> $75,000",0.0,0.0,0.42241948027527815,1,1,0.5775805197247219
18 - 34 Years,College Graduate,"<= $75,000, Above Poverty",0.0,0.0,0.33971644656743516,0,0,0.6602835534325648
18 - 34 Years,College Graduate,"<= $75,000, Above Poverty",0.0,0.0,0.31818674839938893,0,0,0.681813251600611
45 - 54 Years,12 Years,"> $75,000",1.0,0.0,0.7295747174758409,1,0,0.2704252825241591
55 - 64 Years,College Graduate,"<= $75,000, Above Poverty",0.0,0.0,0.523084694562452,1,0,0.476915305437548
18 - 34 Years,College Graduate,"<= $75,000, Above Poverty",0.0,0.0,0.24809168278593743,0,0,0.7519083172140626
55 - 64 Years,College Graduate,"> $75,000",0.0,0.0,0.27754998471370934,0,0,0.7224500152862907
55 - 64 Years,Some College,"<= $75,000, Above Poverty",1.0,0.0,0.9323688780614489,1,1,0.06763112193855114
35 - 44 Years,College Graduate,"> $75,000",0.0,0.0,0.2765148398882005,0,0,0.7234851601117995
55 - 64 Years,12 Years,"<= $75,000, Above Poverty",0.0,0.0,0.2530373789683887,0,0,0.7469626210316114
45 - 54 Years,12 Years,"<= $75,000, Above Poverty",1.0,0.0,0.829470414118542,1,1,0.17052958588145795
18 - 34 Years,College Graduate,"<= $75,000, Above Poverty",1.0,0.0,0.6608818109080816,1,1,0.3391181890919184
18 - 34 Years,< 12 Years,Below Poverty,0.0,0.0,0.1300925805762185,0,0,0.8699074194237815
55 - 64 Years,Some College,"<= $75,000, Above Poverty",0.0,0.0,0.27234078925383004,0,0,0.7276592107461699
55 - 64 Years,< 12 Years,Below Poverty,0.0,0.0,0.12872585218536667,0,0,0.8712741478146333
45 - 54 Years,Some College,"<= $75,000, Above Poverty",1.0,0.0,0.724029259181885,1,0,0.275970740818115
35 - 44 Years,College Graduate,"<= $75,000, Above Poverty",0.0,0.0,0.23295066158918634,0,0,0.7670493384108137
65+ Years,< 12 Years,"<= $75,000, Above Poverty",0.0,0.0,0.08095325110572762,0,0,0.9190467488942724
55 - 64 Years,< 12 Years,"<= $75,000, Above Poverty",0.0,1.0,0.4876218667922968,1,0,0.5123781332077032
18 - 34 Years,College Graduate,"<= $75,000, Above Poverty",0.0,0.0,0.24902174307096503,0,0,0.750978256929035
18 - 34 Years,Some College,"<= $75,000, Above Poverty",0.0,0.0,0.07622947199138803,0,0,0.9237705280086119
18 - 34 Years,College Graduate,"<= $75,000, Above Poverty",1.0,1.0,0.973084211449105,1,1,0.026915788550895048
45 - 54 Years,College Graduate,"> $75,000",0.0,1.0,0.16788865604245415,0,0,0.8321113439575458
18 - 34 Years,College Graduate,"> $75,000",1.0,0.0,0.9352472448321292,1,1,0.06475275516787082
65+ Years,Some College,"<= $75,000, Above Poverty",0.0,0.0,0.6258827814913167,1,0,0.3741172185086833
35 - 44 Years,College Graduate,"> $75,000",0.0,0.0,0.23523305262933852,0,0,0.7647669473706615
18 - 34 Years,College Graduate,"<= $75,000, Above Poverty",0.0,0.0,0.2595615322510765,0,0,0.7404384677489235
65+ Years,College Graduate,"<= $75,000, Above Poverty",1.0,0.0,0.9259440021244144,1,1,0.07405599787558559
45 - 54 Years,College Graduate,"> $75,000",0.0,0.0,0.31022755130997615,0,0,0.6897724486900239
35 - 44 Years,College Graduate,"> $75,000",1.0,0.0,0.40257570169707324,1,0,0.5974242983029268
45 - 54 Years,12 Years,"<= $75,000, Above Poverty",0.0,0.0,0.0606634084244203,0,0,0.9393365915755797
45 - 54 Years,College Graduate,"> $75,000",0.0,0.0,0.3082106961683275,0,1,0.6917893038316725
65+ Years,< 12 Years,"<= $75,000, Above Poverty",0.0,0.0,0.2677522699501676,0,0,0.7322477300498325
45 - 54 Years,12 Years,"<= $75,000, Above Poverty",0.0,0.0,0.2604680881516347,0,0,0.7395319118483653
45 - 54 Years,College Graduate,"<= $75,000, Above Poverty",1.0,1.0,0.9229468955158763,1,1,0.07705310448412372
65+ Years,College Graduate,"<= $75,000, Above Poverty",0.0,0.0,0.4226541841253183,1,0,0.5773458158746817
55 - 64 Years,12 Years,"<= $75,000, Above Poverty",0.0,0.0,0.3292108197391098,0,0,0.6707891802608902
55 - 64 Years,12 Years,"> $75,000",0.0,0.0,0.28918761967030177,0,0,0.7108123803296982
55 - 64 Years,12 Years,"> $75,000",0.0,0.0,0.39875801969653685,0,1,0.6012419803034632
35 - 44 Years,Some College,"<= $75,000, Above Poverty",0.0,0.0,0.3802167885559973,0,0,0.6197832114440027
55 - 64 Years,College Graduate,"> $75,000",0.0,0.0,0.2408374202408767,0,0,0.7591625797591233
35 - 44 Years,< 12 Years,Below Poverty,0.0,0.0,0.21823227616103455,0,1,0.7817677238389654
18 - 34 Years,College Graduate,"> $75,000",0.0,0.0,0.6194449956194783,1,0,0.3805550043805217
65+ Years,College Graduate,"<= $75,000, Above Poverty",0.0,0.0,0.21055037138794652,0,0,0.7894496286120535
65+ Years,College Graduate,"<= $75,000, Above Poverty",0.0,1.0,0.4188053871226123,1,0,0.5811946128773877
18 - 34 Years,12 Years,"<= $75,000, Above Poverty",0.0,0.0,0.31670965323146044,0,0,0.6832903467685396
65+ Years,12 Years,"<= $75,000, Above Poverty",0.0,0.0,0.269199191947377,0,0,0.7308008080526229
55 - 64 Years,College Graduate,"<= $75,000, Above Poverty",0.0,0.0,0.3888365987691325,0,0,0.6111634012308675
45 - 54 Years,College Graduate,"> $75,000",0.0,0.0,0.34787288265467564,0,0,0.6521271173453244
35 - 44 Years,College Graduate,"<= $75,000, Above Poverty",1.0,0.0,0.8297653402580143,1,1,0.1702346597419857
65+ Years,College Graduate,"<= $75,000, Above Poverty",0.0,0.0,0.5395282394606464,1,0,0.46047176053935357
45 - 54 Years,College Graduate,"<= $75,000, Above Poverty",0.0,0.0,0.20997105014314787,0,0,0.7900289498568521
65+ Years,12 Years,"<= $75,000, Above Poverty",0.0,0.0,0.20617762110156768,0,0,0.7938223788984323
45 - 54 Years,Some College,"> $75,000",0.0,0.0,0.2238884741721364,0,0,0.7761115258278636
18 - 34 Years,College Graduate,"<= $75,000, Above Poverty",0.0,0.0,0.382356579059086,0,1,0.6176434209409141
35 - 44 Years,College Graduate,"> $75,000",0.0,0.0,0.4163813979123507,1,0,0.5836186020876493
55 - 64 Years,12 Years,"> $75,000",0.0,1.0,0.16512471624187366,0,0,0.8348752837581264
18 - 34 Years,College Graduate,"<= $75,000, Above Poverty",0.0,0.0,0.15562411536799708,0,0,0.8443758846320029
18 - 34 Years,College Graduate,"<= $75,000, Above Poverty",0.0,1.0,0.6437117084714923,1,0,0.3562882915285077
55 - 64 Years,College Graduate,"> $75,000",1.0,1.0,0.9623802967623,1,1,0.03761970323770003
35 - 44 Years,College Graduate,"> $75,000",0.0,0.0,0.5491141923029692,1,0,0.4508858076970308
45 - 54 Years,College Graduate,"<= $75,000, Above Poverty",0.0,0.0,0.5149605711665985,1,0,0.48503942883340145
18 - 34 Years,Some College,"> $75,000",0.0,0.0,0.23689381201517987,0,0,0.7631061879848201
55 - 64 Years,College Graduate,"> $75,000",0.0,0.0,0.3365851613385445,0,0,0.6634148386614556
65+ Years,Some College,"<= $75,000, Above Poverty",0.0,0.0,0.40385742329007046,1,0,0.5961425767099295
45 - 54 Years,< 12 Years,"<= $75,000, Above Poverty",0.0,0.0,0.16585147225902683,0,0,0.8341485277409731
45 - 54 Years,College Graduate,"> $75,000",0.0,0.0,0.33846023320607144,0,0,0.6615397667939286
55 - 64 Years,12 Years,"<= $75,000, Above Poverty",0.0,0.0,0.4843472941538529,1,0,0.5156527058461471
55 - 64 Years,College Graduate,"<= $75,000, Above Poverty",1.0,0.0,0.9138853068799224,1,1,0.08611469312007758
18 - 34 Years,Some College,"> $75,000",0.0,0.0,0.37395693606230906,0,0,0.6260430639376909
45 - 54 Years,College Graduate,"<= $75,000, Above Poverty",0.0,0.0,0.25765402812288263,0,0,0.7423459718771174
35 - 44 Years,College Graduate,"> $75,000",0.0,0.0,0.41962180155820444,1,0,0.5803781984417955
18 - 34 Years,12 Years,"<= $75,000, Above Poverty",1.0,0.0,0.8725669385894272,1,1,0.12743306141057276
55 - 64 Years,12 Years,"<= $75,000, Above Poverty",0.0,0.0,0.3194497302612608,0,1,0.6805502697387392
35 - 44 Years,12 Years,"> $75,000",1.0,0.0,0.7457676587229269,1,1,0.25423234127707306
18 - 34 Years,College Graduate,"> $75,000",1.0,1.0,0.918741827700698,1,1,0.08125817229930199
55 - 64 Years,12 Years,"<= $75,000, Above Poverty",0.0,0.0,0.1413786882895604,0,0,0.8586213117104395
45 - 54 Years,Some College,"<= $75,000, Above Poverty",0.0,0.0,0.1548710849662468,0,0,0.8451289150337532
55 - 64 Years,College Graduate,"<= $75,000, Above Poverty",0.0,0.0,0.25806893639014816,0,0,0.7419310636098518
65+ Years,12 Years,Below Poverty,0.0,0.0,0.17602011683375143,0,1,0.8239798831662486
45 - 54 Years,12 Years,Below Poverty,0.0,0.0,0.28040080423439845,0,0,0.7195991957656016
18 - 34 Years,Some College,"<= $75,000, Above Poverty",0.0,0.0,0.3663516395681952,0,1,0.6336483604318048
55 - 64 Years,College Graduate,"<= $75,000, Above Poverty",0.0,0.0,0.44882521848504286,1,0,0.5511747815149571
45 - 54 Years,College Graduate,"<= $75,000, Above Poverty",1.0,0.0,0.5445273386863351,1,1,0.45547266131366493
65+ Years,College Graduate,"<= $75,000, Above Poverty",0.0,0.0,0.4826181925208688,1,0,0.5173818074791312
45 - 54 Years,Some College,"<= $75,000, Above Poverty",0.0,0.0,0.3935383570022855,0,0,0.6064616429977145
55 - 64 Years,College Graduate,"<= $75,000, Above Poverty",1.0,0.0,0.9488859049995718,1,0,0.051114095000428184
45 - 54 Years,12 Years,"> $75,000",0.0,0.0,0.22432818595644977,0,0,0.7756718140435502
35 - 44 Years,College Graduate,"<= $75,000, Above Poverty",0.0,0.0,0.32376153626365806,0,1,0.6762384637363419
55 - 64 Years,12 Years,"<= $75,000, Above Poverty",1.0,0.0,0.9383534508353858,1,1,0.061646549164614206
45 - 54 Years,College Graduate,"> $75,000",0.0,1.0,0.5372363611323694,1,0,0.4627636388676306
55 - 64 Years,College Graduate,"<= $75,000, Above Poverty",0.0,0.0,0.3651625557317657,0,0,0.6348374442682343
45 - 54 Years,Some College,"> $75,000",1.0,0.0,0.7360169108178584,1,1,0.26398308918214164
65+ Years,12 Years,"<= $75,000, Above Poverty",0.0,1.0,0.6021732380573835,1,0,0.39782676194261646
18 - 34 Years,College Graduate,"<= $75,000, Above Poverty",1.0,0.0,0.7615139237196445,1,1,0.23848607628035545
35 - 44 Years,College Graduate,"> $75,000",1.0,0.0,0.8135133357469717,1,1,0.1864866642530283
35 - 44 Years,College Graduate,"<= $75,000, Above Poverty",0.0,0.0,0.27333779710460265,0,0,0.7266622028953973
65+ Years,12 Years,"<= $75,000, Above Poverty",0.0,0.0,0.18715595243129585,0,1,0.8128440475687042
65+ Years,Some College,"<= $75,000, Above Poverty",0.0,0.0,0.3618159928165693,0,1,0.6381840071834307
65+ Years,College Graduate,"<= $75,000, Above Poverty",0.0,0.0,0.3209937443748716,0,0,0.6790062556251284
65+ Years,12 Years,"<= $75,000, Above Poverty",0.0,1.0,0.7083874907899904,1,1,0.2916125092100096
65+ Years,College Graduate,"<= $75,000, Above Poverty",1.0,0.0,0.8051664696782886,1,0,0.19483353032171136
45 - 54 Years,12 Years,Below Poverty,1.0,0.0,0.6739621327883354,1,0,0.3260378672116646
55 - 64 Years,College Graduate,"<= $75,000, Above Poverty",0.0,0.0,0.1858253801679395,0,0,0.8141746198320605
55 - 64 Years,12 Years,"> $75,000",0.0,0.0,0.2652374287890448,0,0,0.7347625712109551
65+ Years,12 Years,"<= $75,000, Above Poverty",0.0,0.0,0.49737388178707204,1,0,0.5026261182129279
65+ Years,College Graduate,"<= $75,000, Above Poverty",0.0,0.0,0.4034100393954741,1,1,0.596589960604526
45 - 54 Years,College Graduate,"<= $75,000, Above Poverty",0.0,0.0,0.15987504159941995,0,0,0.8401249584005801
35 - 44 Years,< 12 Years,"<= $75,000, Above Poverty",0.0,0.0,0.2107368846480827,0,0,0.7892631153519173
18 - 34 Years,Some College,"> $75,000",1.0,0.0,0.8330699719664265,1,1,0.16693002803357349
65+ Years,Some College,"<= $75,000, Above Poverty",1.0,0.0,0.8436025154369876,1,1,0.1563974845630124
55 - 64 Years,College Graduate,"> $75,000",0.0,0.0,0.29165515036645434,0,0,0.7083448496335456
45 - 54 Years,12 Years,"> $75,000",0.0,0.0,0.21806943878627655,0,0,0.7819305612137235
65+ Years,12 Years,"> $75,000",0.0,0.0,0.4174834465989658,1,0,0.5825165534010341
55 - 64 Years,12 Years,"> $75,000",0.0,0.0,0.39332245788710035,0,1,0.6066775421128996
55 - 64 Years,College Graduate,"<= $75,000, Above Poverty",0.0,0.0,0.41947904930187924,1,0,0.5805209506981208
35 - 44 Years,Some College,"<= $75,000, Above Poverty",1.0,0.0,0.8607875907584379,1,0,0.13921240924156209
65+ Years,12 Years,"<= $75,000, Above Poverty",0.0,0.0,0.34122154813994693,0,1,0.658778451860053
45 - 54 Years,College Graduate,"<= $75,000, Above Poverty",0.0,0.0,0.34344666835052634,0,0,0.6565533316494736
18 - 34 Years,12 Years,"<= $75,000, Above Poverty",1.0,0.0,0.8905858226728841,1,1,0.10941417732711589
35 - 44 Years,Some College,"<= $75,000, Above Poverty",0.0,0.0,0.2509609123536586,0,0,0.7490390876463414
18 - 34 Years,College Graduate,"<= $75,000, Above Poverty",0.0,0.0,0.5099237710107958,1,1,0.4900762289892042
65+ Years,< 12 Years,"<= $75,000, Above Poverty",0.0,0.0,0.09530232550375797,0,0,0.904697674496242
45 - 54 Years,College Graduate,"<= $75,000, Above Poverty",0.0,0.0,0.4721534456763155,1,1,0.5278465543236845
45 - 54 Years,< 12 Years,"<= $75,000, Above Poverty",0.0,0.0,0.18080695724987278,0,0,0.8191930427501273
55 - 64 Years,College Graduate,"> $75,000",0.0,0.0,0.4411599500951841,1,0,0.5588400499048158
65+ Years,12 Years,"<= $75,000, Above Poverty",1.0,0.0,0.7653359425042963,1,0,0.23466405749570374
45 - 54 Years,College Graduate,"> $75,000",0.0,0.0,0.15347927123824612,0,0,0.8465207287617539
35 - 44 Years,12 Years,"<= $75,000, Above Poverty",0.0,0.0,0.35942555577544194,0,1,0.640574444224558
18 - 34 Years,College Graduate,"<= $75,000, Above Poverty",0.0,0.0,0.30272159564481277,0,0,0.6972784043551872
65+ Years,College Graduate,"<= $75,000, Above Poverty",1.0,0.0,0.9003842493499874,1,1,0.0996157506500126
45 - 54 Years,Some College,"> $75,000",1.0,1.0,0.930152347700605,1,0,0.06984765229939505
35 - 44 Years,Some College,"<= $75,000, Above Poverty",0.0,0.0,0.2154358176936533,0,0,0.7845641823063467
18 - 34 Years,< 12 Years,Below Poverty,0.0,0.0,0.2627500452510665,0,1,0.7372499547489335
55 - 64 Years,12 Years,"<= $75,000, Above Poverty",1.0,0.0,0.7712194627377735,1,1,0.22878053726222647
35 - 44 Years,College Graduate,"<= $75,000, Above Poverty",0.0,1.0,0.5899826018158653,1,0,0.41001739818413474
55 - 64 Years,College Graduate,"<= $75,000, Above Poverty",0.0,0.0,0.33525951706130974,0,1,0.6647404829386903
45 - 54 Years,Some College,"<= $75,000, Above Poverty",0.0,0.0,0.18919297794599046,0,0,0.8108070220540096
55 - 64 Years,12 Years,"> $75,000",0.0,0.0,0.3134187084696382,0,0,0.6865812915303617
18 - 34 Years,College Graduate,"<= $75,000, Above Poverty",0.0,0.0,0.29194805581153116,0,1,0.7080519441884688
55 - 64 Years,12 Years,"<= $75,000, Above Poverty",1.0,1.0,0.8867731889918165,1,1,0.11322681100818355
35 - 44 Years,12 Years,Below Poverty,0.0,0.0,0.3833448655156478,0,0,0.6166551344843523
35 - 44 Years,College Graduate,"<= $75,000, Above Poverty",1.0,0.0,0.8052631869876887,1,0,0.19473681301231127
55 - 64 Years,< 12 Years,"<= $75,000, Above Poverty",0.0,0.0,0.8196021288386176,1,0,0.1803978711613824
65+ Years,< 12 Years,Below Poverty,0.0,0.0,0.11280225351647873,0,0,0.8871977464835212
45 - 54 Years,Some College,"<= $75,000, Above Poverty",0.0,1.0,0.3421004045492714,0,0,0.6578995954507286
55 - 64 Years,Some College,"<= $75,000, Above Poverty",0.0,0.0,0.0748264768944702,0,0,0.9251735231055298
35 - 44 Years,< 12 Years,"<= $75,000, Above Poverty",0.0,0.0,0.20102240397186394,0,0,0.798977596028136
18 - 34 Years,Some College,"<= $75,000, Above Poverty",0.0,0.0,0.2072326145884503,0,0,0.7927673854115497
45 - 54 Years,12 Years,"<= $75,000, Above Poverty",0.0,0.0,0.08839240755518944,0,0,0.9116075924448106
55 - 64 Years,College Graduate,"<= $75,000, Above Poverty",0.0,0.0,0.1704697985282183,0,0,0.8295302014717817
35 - 44 Years,Some College,Below Poverty,0.0,0.0,0.31591814653320704,0,0,0.684081853466793
65+ Years,12 Years,"<= $75,000, Above Poverty",0.0,0.0,0.12308956706577302,0,0,0.876910432934227
55 - 64 Years,12 Years,"<= $75,000, Above Poverty",0.0,0.0,0.26579857086805875,0,0,0.7342014291319412
18 - 34 Years,12 Years,"<= $75,000, Above Poverty",0.0,0.0,0.2568542350752824,0,0,0.7431457649247176
65+ Years,12 Years,"<= $75,000, Above Poverty",0.0,0.0,0.09690723061983425,0,0,0.9030927693801658
18 - 34 Years,College Graduate,"> $75,000",1.0,0.0,0.7042173871462051,1,0,0.2957826128537949
65+ Years,College Graduate,"<= $75,000, Above Poverty",0.0,0.0,0.2819565118289633,0,0,0.7180434881710367
55 - 64 Years,College Graduate,"> $75,000",0.0,0.0,0.7162864622401881,1,1,0.2837135377598119
55 - 64 Years,12 Years,"<= $75,000, Above Poverty",0.0,0.0,0.36763899895081487,0,0,0.6323610010491851
45 - 54 Years,12 Years,"> $75,000",0.0,0.0,0.19002261083485,0,0,0.80997738916515
65+ Years,< 12 Years,"<= $75,000, Above Poverty",0.0,0.0,0.7600370790197065,1,0,0.23996292098029348
18 - 34 Years,12 Years,"<= $75,000, Above Poverty",0.0,0.0,0.44156150273585326,1,0,0.5584384972641467
55 - 64 Years,Some College,"> $75,000",0.0,0.0,0.2012069563648282,0,0,0.7987930436351718
55 - 64 Years,12 Years,"<= $75,000, Above Poverty",1.0,0.0,0.8750487692720653,1,1,0.12495123072793468
65+ Years,12 Years,"<= $75,000, Above Poverty",0.0,0.0,0.3174362275048153,0,0,0.6825637724951847
65+ Years,Some College,"<= $75,000, Above Poverty",0.0,0.0,0.321628556706736,0,1,0.6783714432932639
65+ Years,12 Years,"<= $75,000, Above Poverty",0.0,0.0,0.41951631866228917,1,0,0.5804836813377108
55 - 64 Years,12 Years,"<= $75,000, Above Poverty",0.0,0.0,0.13757990750966279,0,0,0.8624200924903372
65+ Years,12 Years,"<= $75,000, Above Poverty",1.0,1.0,0.881456335867023,1,0,0.11854366413297701
45 - 54 Years,College Graduate,Below Poverty,0.0,0.0,0.4136185007590925,1,0,0.5863814992409075
65+ Years,Some College,"<= $75,000, Above Poverty",0.0,0.0,0.3218825946578809,0,0,0.6781174053421191
55 - 64 Years,Some College,"<= $75,000, Above Poverty",0.0,0.0,0.22320001229012665,0,0,0.7767999877098734
45 - 54 Years,College Graduate,"> $75,000",0.0,0.0,0.35340862046890914,0,0,0.6465913795310909
55 - 64 Years,12 Years,"> $75,000",0.0,0.0,0.3211222272704992,0,0,0.6788777727295008
55 - 64 Years,12 Years,Below Poverty,0.0,0.0,0.36470015301172487,0,0,0.6352998469882751
65+ Years,College Graduate,"<= $75,000, Above Poverty",0.0,0.0,0.4082032367879723,1,0,0.5917967632120277
18 - 34 Years,College Graduate,"<= $75,000, Above Poverty",0.0,0.0,0.05631616401617551,0,0,0.9436838359838244
65+ Years,< 12 Years,"<= $75,000, Above Poverty",0.0,0.0,0.23411330626507026,0,0,0.7658866937349298
18 - 34 Years,Some College,"<= $75,000, Above Poverty",0.0,0.0,0.23587111494115284,0,0,0.7641288850588471
18 - 34 Years,< 12 Years,Below Poverty,0.0,0.0,0.3848544751940354,0,1,0.6151455248059646
55 - 64 Years,College Graduate,"> $75,000",0.0,0.0,0.6427298405775526,1,0,0.35727015942244744
65+ Years,College Graduate,"<= $75,000, Above Poverty",0.0,0.0,0.22231029518841625,0,1,0.7776897048115837
45 - 54 Years,College Graduate,"> $75,000",0.0,1.0,0.11864075155378848,0,0,0.8813592484462115
35 - 44 Years,College Graduate,"> $75,000",0.0,0.0,0.3319213765012813,0,0,0.6680786234987187
65+ Years,College Graduate,"<= $75,000, Above Poverty",0.0,1.0,0.6777049825825874,1,0,0.3222950174174126
35 - 44 Years,Some College,"<= $75,000, Above Poverty",0.0,0.0,0.24564562955162086,0,0,0.7543543704483792
18 - 34 Years,12 Years,Below Poverty,0.0,0.0,0.24634524435320226,0,0,0.7536547556467977
35 - 44 Years,College Graduate,"<= $75,000, Above Poverty",0.0,0.0,0.13684890525251978,0,0,0.8631510947474802
65+ Years,Some College,Below Poverty,0.0,0.0,0.20433183124997434,0,0,0.7956681687500257
45 - 54 Years,College Graduate,"<= $75,000, Above Poverty",1.0,0.0,0.665735285731506,1,0,0.334264714268494
18 - 34 Years,Some College,"> $75,000",0.0,0.0,0.22116407785133746,0,0,0.7788359221486625
18 - 34 Years,College Graduate,"<= $75,000, Above Poverty",0.0,0.0,0.3196802574215048,0,0,0.6803197425784953
65+ Years,< 12 Years,Below Poverty,0.0,0.0,0.17441706947849936,0,0,0.8255829305215007
65+ Years,Some College,"<= $75,000, Above Poverty",0.0,0.0,0.654601218437407,1,0,0.34539878156259296
65+ Years,College Graduate,"<= $75,000, Above Poverty",0.0,0.0,0.4146562457137495,1,0,0.5853437542862505
55 - 64 Years,College Graduate,"<= $75,000, Above Poverty",0.0,0.0,0.39780735368346765,0,1,0.6021926463165324
18 - 34 Years,< 12 Years,Below Poverty,0.0,0.0,0.35220193668657407,0,0,0.6477980633134259
65+ Years,12 Years,"<= $75,000, Above Poverty",0.0,0.0,0.6284568580271397,1,0,0.3715431419728603
55 - 64 Years,College Graduate,"<= $75,000, Above Poverty",0.0,0.0,0.21034218709733785,0,0,0.7896578129026621
45 - 54 Years,College Graduate,"> $75,000",0.0,0.0,0.4943145650124346,1,0,0.5056854349875655
35 - 44 Years,< 12 Years,Below Poverty,0.0,0.0,0.342453340024254,0,0,0.657546659975746
18 - 34 Years,Some College,"<= $75,000, Above Poverty",0.0,0.0,0.09463409258497452,0,1,0.9053659074150255
55 - 64 Years,Some College,"<= $75,000, Above Poverty",0.0,0.0,0.12864615318984798,0,0,0.871353846810152
65+ Years,College Graduate,"<= $75,000, Above Poverty",0.0,0.0,0.2521584427254317,0,0,0.7478415572745682
35 - 44 Years,College Graduate,"<= $75,000, Above Poverty",0.0,0.0,0.38274911431874814,0,0,0.6172508856812519
65+ Years,College Graduate,"> $75,000",0.0,0.0,0.43587317267021225,1,0,0.5641268273297877
55 - 64 Years,College Graduate,"> $75,000",0.0,0.0,0.31017386016244625,0,0,0.6898261398375538
35 - 44 Years,College Graduate,"> $75,000",0.0,1.0,0.9312413501770327,1,1,0.06875864982296731
35 - 44 Years,Some College,"<= $75,000, Above Poverty",0.0,0.0,0.29671496938294306,0,0,0.7032850306170569
65+ Years,College Graduate,"<= $75,000, Above Poverty",1.0,0.0,0.8199615741528601,1,0,0.18003842584713992
35 - 44 Years,Some College,"<= $75,000, Above Poverty",0.0,1.0,0.5847926536596275,1,1,0.4152073463403725
35 - 44 Years,Some College,"<= $75,000, Above Poverty",1.0,1.0,0.9237073942287868,1,1,0.07629260577121322
65+ Years,College Graduate,"<= $75,000, Above Poverty",0.0,0.0,0.30502479349584416,0,0,0.6949752065041559
65+ Years,Some College,"> $75,000",0.0,0.0,0.6145726778621131,1,0,0.3854273221378869
45 - 54 Years,Some College,"<= $75,000, Above Poverty",1.0,0.0,0.9004678365906493,1,0,0.09953216340935067
65+ Years,College Graduate,"> $75,000",0.0,0.0,0.4391587909106892,1,0,0.5608412090893108
65+ Years,12 Years,"<= $75,000, Above Poverty",0.0,0.0,0.31713641732607784,0,0,0.6828635826739222
18 - 34 Years,Some College,"<= $75,000, Above Poverty",0.0,1.0,0.2979607448864011,0,0,0.7020392551135989
55 - 64 Years,12 Years,"<= $75,000, Above Poverty",0.0,0.0,0.3004148612713827,0,0,0.6995851387286173
65+ Years,College Graduate,"<= $75,000, Above Poverty",1.0,0.0,0.886406223105914,1,1,0.11359377689408601
35 - 44 Years,Some College,"> $75,000",1.0,0.0,0.8082610848847592,1,1,0.19173891511524077
55 - 64 Years,12 Years,"<= $75,000, Above Poverty",0.0,0.0,0.24720106625987617,0,0,0.7527989337401239
45 - 54 Years,College Graduate,"> $75,000",0.0,0.0,0.46464145407109547,1,0,0.5353585459289045
65+ Years,< 12 Years,"<= $75,000, Above Poverty",0.0,0.0,0.08746348825322413,0,1,0.9125365117467759
65+ Years,12 Years,"<= $75,000, Above Poverty",0.0,0.0,0.20297818135637197,0,1,0.797021818643628
35 - 44 Years,College Graduate,"<= $75,000, Above Poverty",0.0,0.0,0.39986465315186537,0,0,0.6001353468481346
18 - 34 Years,Some College,"<= $75,000, Above Poverty",0.0,0.0,0.32188281919667333,0,0,0.6781171808033266
35 - 44 Years,< 12 Years,"<= $75,000, Above Poverty",0.0,0.0,0.2705996777211362,0,0,0.7294003222788639
55 - 64 Years,Some College,"<= $75,000, Above Poverty",0.0,0.0,0.11401691591537531,0,0,0.8859830840846247
18 - 34 Years,12 Years,"<= $75,000, Above Poverty",0.0,0.0,0.5103360901138956,1,0,0.4896639098861044
65+ Years,Some College,"<= $75,000, Above Poverty",0.0,0.0,0.3899180097810092,0,0,0.6100819902189908
65+ Years,12 Years,"<= $75,000, Above Poverty",1.0,0.0,0.8634022217699532,1,0,0.13659777823004682
18 - 34 Years,Some College,"<= $75,000, Above Poverty",0.0,0.0,0.10552415120126662,0,0,0.8944758487987334
55 - 64 Years,< 12 Years,"<= $75,000, Above Poverty",1.0,0.0,0.938928797601465,1,1,0.06107120239853503
45 - 54 Years,12 Years,"<= $75,000, Above Poverty",0.0,0.0,0.25818866862045764,0,0,0.7418113313795424
65+ Years,12 Years,"<= $75,000, Above Poverty",1.0,0.0,0.9734511670620238,1,0,0.026548832937976163
18 - 34 Years,< 12 Years,"<= $75,000, Above Poverty",0.0,0.0,0.11980506794007324,0,0,0.8801949320599267
55 - 64 Years,College Graduate,"> $75,000",0.0,0.0,0.12217288041309371,0,0,0.8778271195869063
35 - 44 Years,College Graduate,"> $75,000",1.0,1.0,0.9036127084127756,1,0,0.09638729158722437
55 - 64 Years,Some College,"<= $75,000, Above Poverty",0.0,0.0,0.347905718939829,0,0,0.652094281060171
45 - 54 Years,Some College,"<= $75,000, Above Poverty",0.0,1.0,0.30004020745132587,0,0,0.6999597925486741
65+ Years,Some College,"> $75,000",0.0,0.0,0.1403563669796318,0,0,0.8596436330203682
65+ Years,College Graduate,"> $75,000",0.0,0.0,0.40677671161631584,1,0,0.5932232883836841
55 - 64 Years,College Graduate,"<= $75,000, Above Poverty",0.0,0.0,0.14516065982775644,0,0,0.8548393401722436
35 - 44 Years,Some College,"> $75,000",0.0,0.0,0.33551060391568094,0,0,0.664489396084319
65+ Years,12 Years,"<= $75,000, Above Poverty",1.0,0.0,0.9219404398422179,1,1,0.07805956015778215
65+ Years,12 Years,"<= $75,000, Above Poverty",0.0,0.0,0.10279534351198168,0,0,0.8972046564880183
18 - 34 Years,12 Years,Below Poverty,1.0,0.0,0.5994735607260105,1,0,0.40052643927398945
18 - 34 Years,Some College,"<= $75,000, Above Poverty",0.0,0.0,0.14083131927422324,0,0,0.8591686807257768
55 - 64 Years,College Graduate,"> $75,000",0.0,0.0,0.49912554274155946,1,1,0.5008744572584405
55 - 64 Years,Some College,"<= $75,000, Above Poverty",0.0,0.0,0.4465746603694748,1,0,0.5534253396305252
65+ Years,Some College,"<= $75,000, Above Poverty",0.0,0.0,0.31767450845939355,0,1,0.6823254915406065
55 - 64 Years,Some College,"<= $75,000, Above Poverty",1.0,1.0,0.9120608684035685,1,1,0.08793913159643152
65+ Years,12 Years,"<= $75,000, Above Poverty",0.0,0.0,0.14116887529116712,0,0,0.8588311247088329
55 - 64 Years,Some College,"> $75,000",0.0,0.0,0.2973874596727889,0,0,0.7026125403272111
35 - 44 Years,College Graduate,"<= $75,000, Above Poverty",1.0,0.0,0.7654187496097613,1,1,0.2345812503902387
18 - 34 Years,College Graduate,"<= $75,000, Above Poverty",0.0,1.0,0.7194536188099423,1,1,0.2805463811900577
55 - 64 Years,Some College,"> $75,000",0.0,0.0,0.29761848858218776,0,0,0.7023815114178122
55 - 64 Years,College Graduate,"> $75,000",0.0,1.0,0.830661652189468,1,1,0.16933834781053203
18 - 34 Years,< 12 Years,Below Poverty,0.0,0.0,0.19058031634570186,0,0,0.8094196836542982
18 - 34 Years,College Graduate,"> $75,000",1.0,0.0,0.8663459931863946,1,1,0.1336540068136054
45 - 54 Years,12 Years,"<= $75,000, Above Poverty",0.0,0.0,0.36377679077597813,0,0,0.6362232092240219
18 - 34 Years,Some College,Below Poverty,1.0,0.0,0.8053060017602167,1,0,0.19469399823978328
65+ Years,12 Years,"<= $75,000, Above Poverty",0.0,0.0,0.42493559716283624,1,0,0.5750644028371638
35 - 44 Years,College Graduate,"<= $75,000, Above Poverty",1.0,0.0,0.8488037852162297,1,0,0.15119621478377032
45 - 54 Years,College Graduate,"> $75,000",0.0,0.0,0.44291543899679,1,0,0.55708456100321
35 - 44 Years,Some College,"<= $75,000, Above Poverty",0.0,0.0,0.26322030283990216,0,0,0.7367796971600978
18 - 34 Years,Some College,"<= $75,000, Above Poverty",1.0,0.0,0.7592651968461229,1,0,0.24073480315387707
55 - 64 Years,College Graduate,"> $75,000",0.0,1.0,0.8159137699514196,1,1,0.18408623004858038
65+ Years,College Graduate,"<= $75,000, Above Poverty",1.0,0.0,0.8950374940738687,1,1,0.10496250592613132
18 - 34 Years,College Graduate,"<= $75,000, Above Poverty",0.0,0.0,0.34957121225044085,0,0,0.6504287877495591
45 - 54 Years,Some College,"<= $75,000, Above Poverty",0.0,0.0,0.22340060946396137,0,0,0.7765993905360387
65+ Years,Some College,Below Poverty,0.0,0.0,0.3733242952068432,0,0,0.6266757047931568
18 - 34 Years,College Graduate,"<= $75,000, Above Poverty",0.0,0.0,0.44378338618692154,1,0,0.5562166138130784
55 - 64 Years,Some College,"<= $75,000, Above Poverty",0.0,1.0,0.4570789657404432,1,0,0.5429210342595567
18 - 34 Years,College Graduate,"> $75,000",0.0,0.0,0.4309283633609222,1,0,0.5690716366390778
45 - 54 Years,College Graduate,"<= $75,000, Above Poverty",0.0,0.0,0.35324209605374063,0,0,0.6467579039462594
45 - 54 Years,College Graduate,"> $75,000",1.0,1.0,0.9298161799328212,1,0,0.07018382006717883
18 - 34 Years,College Graduate,"<= $75,000, Above Poverty",0.0,0.0,0.22255494945489193,0,0,0.777445050545108
45 - 54 Years,< 12 Years,"<= $75,000, Above Poverty",0.0,0.0,0.36712032405385125,0,0,0.6328796759461488
18 - 34 Years,12 Years,"<= $75,000, Above Poverty",1.0,0.0,0.7650638307048802,1,0,0.23493616929511985
65+ Years,College Graduate,"<= $75,000, Above Poverty",0.0,0.0,0.23295606467156874,0,0,0.7670439353284313
18 - 34 Years,College Graduate,"<= $75,000, Above Poverty",0.0,1.0,0.42649281714717086,1,1,0.5735071828528291
45 - 54 Years,College Graduate,"<= $75,000, Above Poverty",0.0,0.0,0.30671822555818945,0,0,0.6932817744418105
45 - 54 Years,12 Years,"> $75,000",0.0,1.0,0.37443213379794155,0,1,0.6255678662020585
55 - 64 Years,College Graduate,"> $75,000",1.0,1.0,0.8457888705971398,1,1,0.1542111294028602
55 - 64 Years,Some College,"<= $75,000, Above Poverty",0.0,0.0,0.3873788346714017,0,0,0.6126211653285982
45 - 54 Years,Some College,"> $75,000",0.0,0.0,0.24744610936728006,0,0,0.7525538906327199
18 - 34 Years,< 12 Years,Below Poverty,0.0,0.0,0.07917736422826614,0,0,0.9208226357717338
35 - 44 Years,Some College,"<= $75,000, Above Poverty",0.0,0.0,0.1983447090087157,0,0,0.8016552909912843
45 - 54 Years,12 Years,"<= $75,000, Above Poverty",0.0,0.0,0.37879947326032876,0,0,0.6212005267396712
45 - 54 Years,12 Years,"<= $75,000, Above Poverty",1.0,0.0,0.6582813481328637,1,0,0.34171865186713635
45 - 54 Years,College Graduate,"> $75,000",1.0,0.0,0.8863813435218371,1,1,0.11361865647816294
65+ Years,College Graduate,"> $75,000",0.0,0.0,0.3936031460542172,0,0,0.6063968539457828
65+ Years,12 Years,"<= $75,000, Above Poverty",0.0,0.0,0.3048514696795502,0,0,0.6951485303204499
65+ Years,Some College,"<= $75,000, Above Poverty",0.0,0.0,0.2712002916853844,0,0,0.7287997083146156
45 - 54 Years,College Graduate,"<= $75,000, Above Poverty",0.0,0.0,0.2645099556789131,0,0,0.7354900443210869
45 - 54 Years,Some College,"> $75,000",0.0,0.0,0.24645186830118196,0,0,0.7535481316988181
65+ Years,College Graduate,"> $75,000",0.0,0.0,0.7009404155903424,1,0,0.29905958440965763
45 - 54 Years,College Graduate,"<= $75,000, Above Poverty",1.0,1.0,0.9426763234375553,1,0,0.05732367656244475
65+ Years,College Graduate,"<= $75,000, Above Poverty",1.0,0.0,0.903740375995145,1,1,0.096259624004855
18 - 34 Years,College Graduate,"<= $75,000, Above Poverty",1.0,0.0,0.7523896368948202,1,1,0.2476103631051798
55 - 64 Years,< 12 Years,"<= $75,000, Above Poverty",0.0,0.0,0.3289900806492866,0,1,0.6710099193507134
18 - 34 Years,College Graduate,"<= $75,000, Above Poverty",1.0,1.0,0.9442042327176452,1,1,0.0557957672823548
18 - 34 Years,12 Years,Below Poverty,0.0,0.0,0.23378228541642462,0,0,0.7662177145835753
55 - 64 Years,12 Years,Below Poverty,1.0,0.0,0.9379168873860191,1,0,0.06208311261398092
45 - 54 Years,College Graduate,"> $75,000",1.0,0.0,0.7903743244349317,1,1,0.20962567556506828
45 - 54 Years,Some College,"> $75,000",0.0,0.0,0.1803908430210378,0,0,0.8196091569789622
45 - 54 Years,College Graduate,"<= $75,000, Above Poverty",0.0,0.0,0.2725571630840001,0,1,0.727442836916
65+ Years,12 Years,Below Poverty,0.0,0.0,0.6071719968350942,1,0,0.39282800316490585
18 - 34 Years,< 12 Years,"<= $75,000, Above Poverty",0.0,0.0,0.09639735255400245,0,0,0.9036026474459975
35 - 44 Years,Some College,"> $75,000",0.0,0.0,0.3779448232125358,0,0,0.6220551767874642
45 - 54 Years,College Graduate,"> $75,000",0.0,0.0,0.20099210710382995,0,0,0.79900789289617
35 - 44 Years,College Graduate,"<= $75,000, Above Poverty",0.0,0.0,0.2695792487459713,0,0,0.7304207512540287
65+ Years,12 Years,"<= $75,000, Above Poverty",0.0,0.0,0.5657924242421953,1,0,0.43420757575780466
55 - 64 Years,Some College,"<= $75,000, Above Poverty",0.0,0.0,0.21215323543534295,0,0,0.7878467645646571
18 - 34 Years,College Graduate,"<= $75,000, Above Poverty",0.0,0.0,0.33681756504085136,0,0,0.6631824349591486
55 - 64 Years,Some College,"<= $75,000, Above Poverty",0.0,0.0,0.1656865508857655,0,0,0.8343134491142346
45 - 54 Years,Some College,"<= $75,000, Above Poverty",0.0,0.0,0.029306971942992494,0,0,0.9706930280570075
55 - 64 Years,College Graduate,"> $75,000",1.0,1.0,0.9093683208121179,1,1,0.09063167918788206
55 - 64 Years,Some College,"> $75,000",1.0,0.0,0.9378237490306611,1,1,0.062176250969338875
55 - 64 Years,College Graduate,"<= $75,000, Above Poverty",0.0,0.0,0.4128070605106993,1,0,0.5871929394893007
55 - 64 Years,< 12 Years,"<= $75,000, Above Poverty",0.0,0.0,0.6868199553379458,1,0,0.3131800446620542
35 - 44 Years,12 Years,Below Poverty,0.0,1.0,0.37877377662306194,0,0,0.6212262233769381
65+ Years,12 Years,"<= $75,000, Above Poverty",1.0,0.0,0.8531246043183708,1,1,0.14687539568162922
45 - 54 Years,College Graduate,"<= $75,000, Above Poverty",0.0,0.0,0.14781848520594154,0,0,0.8521815147940585
65+ Years,12 Years,"<= $75,000, Above Poverty",0.0,0.0,0.26947167431991415,0,0,0.7305283256800859
35 - 44 Years,Some College,"> $75,000",0.0,0.0,0.287728211556064,0,0,0.712271788443936
65+ Years,< 12 Years,"<= $75,000, Above Poverty",0.0,0.0,0.3468533838778706,0,0,0.6531466161221293
65+ Years,College Graduate,"<= $75,000, Above Poverty",0.0,0.0,0.165256453450378,0,0,0.834743546549622
65+ Years,12 Years,"<= $75,000, Above Poverty",0.0,0.0,0.17061569435419738,0,1,0.8293843056458026
18 - 34 Years,College Graduate,"> $75,000",1.0,0.0,0.42998082005123467,1,0,0.5700191799487653
18 - 34 Years,Some College,"<= $75,000, Above Poverty",0.0,0.0,0.10013133407833227,0,0,0.8998686659216677
18 - 34 Years,College Graduate,"> $75,000",1.0,0.0,0.9391914894708497,1,1,0.06080851052915026
35 - 44 Years,12 Years,"<= $75,000, Above Poverty",0.0,0.0,0.32867509481263835,0,0,0.6713249051873617
35 - 44 Years,Some College,"<= $75,000, Above Poverty",1.0,1.0,0.8340156237377839,1,1,0.16598437626221607
55 - 64 Years,12 Years,"<= $75,000, Above Poverty",0.0,0.0,0.29428332357525966,0,0,0.7057166764247403
45 - 54 Years,College Graduate,"<= $75,000, Above Poverty",0.0,0.0,0.22904786131912186,0,0,0.7709521386808782
55 - 64 Years,Some College,"<= $75,000, Above Poverty",0.0,1.0,0.6810432976583755,1,0,0.31895670234162454
45 - 54 Years,College Graduate,"<= $75,000, Above Poverty",1.0,0.0,0.686056078473968,1,0,0.313943921526032
45 - 54 Years,College Graduate,"<= $75,000, Above Poverty",0.0,0.0,0.43602805972060016,1,0,0.5639719402793999
65+ Years,College Graduate,"<= $75,000, Above Poverty",1.0,0.0,0.8428363334262682,1,1,0.15716366657373182
35 - 44 Years,College Graduate,"> $75,000",0.0,1.0,0.6193306084075278,1,0,0.38066939159247215
45 - 54 Years,College Graduate,"> $75,000",0.0,0.0,0.6113865430299552,1,0,0.3886134569700448
65+ Years,12 Years,"<= $75,000, Above Poverty",0.0,0.0,0.291608921033834,0,0,0.708391078966166
55 - 64 Years,Some College,"<= $75,000, Above Poverty",0.0,0.0,0.20029872071475804,0,0,0.7997012792852419
55 - 64 Years,College Graduate,"<= $75,000, Above Poverty",0.0,0.0,0.4891443171084078,1,0,0.5108556828915922
65+ Years,College Graduate,"<= $75,000, Above Poverty",0.0,0.0,0.389837389733435,0,0,0.6101626102665649
45 - 54 Years,College Graduate,"> $75,000",0.0,1.0,0.5985264636925408,1,0,0.4014735363074592
45 - 54 Years,College Graduate,"<= $75,000, Above Poverty",0.0,0.0,0.2927877244414683,0,0,0.7072122755585317
55 - 64 Years,12 Years,"<= $75,000, Above Poverty",1.0,0.0,0.5826796327303432,1,1,0.4173203672696568
65+ Years,College Graduate,"<= $75,000, Above Poverty",0.0,0.0,0.5115682464689137,1,0,0.48843175353108625
35 - 44 Years,Some College,"<= $75,000, Above Poverty",0.0,1.0,0.08963637387119203,0,0,0.910363626128808
55 - 64 Years,Some College,"<= $75,000, Above Poverty",1.0,1.0,0.6675233674873777,1,1,0.33247663251262227
65+ Years,Some College,"<= $75,000, Above Poverty",0.0,0.0,0.28897575774229733,0,1,0.7110242422577027
45 - 54 Years,College Graduate,"> $75,000",0.0,0.0,0.19428515222600717,0,0,0.8057148477739928
65+ Years,12 Years,"<= $75,000, Above Poverty",0.0,0.0,0.22494538532250474,0,0,0.7750546146774953
18 - 34 Years,Some College,Below Poverty,0.0,0.0,0.5208573848882719,1,0,0.47914261511172807
55 - 64 Years,Some College,"<= $75,000, Above Poverty",0.0,0.0,0.42737206658976074,1,0,0.5726279334102393
55 - 64 Years,College Graduate,"<= $75,000, Above Poverty",0.0,0.0,0.1059321286138268,0,0,0.8940678713861732
55 - 64 Years,12 Years,"<= $75,000, Above Poverty",0.0,0.0,0.2563189170428935,0,0,0.7436810829571066
18 - 34 Years,College Graduate,"> $75,000",0.0,0.0,0.27820842987380495,0,0,0.721791570126195
18 - 34 Years,12 Years,"> $75,000",1.0,0.0,0.6552019681360622,1,1,0.34479803186393776
55 - 64 Years,12 Years,"<= $75,000, Above Poverty",0.0,0.0,0.42198848046090875,1,1,0.5780115195390912
45 - 54 Years,Some College,"<= $75,000, Above Poverty",0.0,0.0,0.13859209838642927,0,0,0.8614079016135707
35 - 44 Years,College Graduate,"<= $75,000, Above Poverty",0.0,0.0,0.37697659351377133,0,0,0.6230234064862287
55 - 64 Years,12 Years,"<= $75,000, Above Poverty",0.0,0.0,0.37473881018327054,0,0,0.6252611898167295
18 - 34 Years,Some College,"<= $75,000, Above Poverty",0.0,0.0,0.31918480070033783,0,0,0.6808151992996622
45 - 54 Years,Some College,Below Poverty,0.0,0.0,0.3818513587143901,0,0,0.6181486412856099
65+ Years,College Graduate,"<= $75,000, Above Poverty",0.0,0.0,0.4413520876917397,1,0,0.5586479123082603
65+ Years,College Graduate,"<= $75,000, Above Poverty",0.0,0.0,0.3620132045935616,0,0,0.6379867954064384
45 - 54 Years,Some College,"<= $75,000, Above Poverty",0.0,0.0,0.24486051399955602,0,0,0.755139486000444
45 - 54 Years,12 Years,"> $75,000",0.0,0.0,0.23951775314800436,0,0,0.7604822468519956
55 - 64 Years,College Graduate,"<= $75,000, Above Poverty",0.0,0.0,0.4073580380465005,1,0,0.5926419619534995
45 - 54 Years,Some College,"<= $75,000, Above Poverty",0.0,1.0,0.49424471919434915,1,0,0.5057552808056509
35 - 44 Years,< 12 Years,Below Poverty,1.0,0.0,0.8895049191263719,1,0,0.11049508087362814
65+ Years,College Graduate,"<= $75,000, Above Poverty",0.0,0.0,0.3869084608349323,0,0,0.6130915391650678
55 - 64 Years,Some College,"> $75,000",0.0,1.0,0.8619475065031431,1,1,0.1380524934968569
65+ Years,College Graduate,"<= $75,000, Above Poverty",0.0,0.0,0.45291528129553843,1,0,0.5470847187044616
18 - 34 Years,Some College,"> $75,000",0.0,0.0,0.26566490772634543,0,0,0.7343350922736546
65+ Years,Some College,"<= $75,000, Above Poverty",0.0,0.0,0.2583260482617709,0,0,0.7416739517382291
65+ Years,College Graduate,"<= $75,000, Above Poverty",0.0,0.0,0.28085708939111154,0,0,0.7191429106088885
35 - 44 Years,College Graduate,"<= $75,000, Above Poverty",0.0,0.0,0.24176812746085183,0,0,0.7582318725391481
18 - 34 Years,Some College,"<= $75,000, Above Poverty",1.0,0.0,0.8726455311525567,1,1,0.12735446884744328
65+ Years,College Graduate,"> $75,000",0.0,0.0,0.12658171033455554,0,0,0.8734182896654444
55 - 64 Years,College Graduate,"<= $75,000, Above Poverty",1.0,1.0,0.8958952323440957,1,1,0.10410476765590426
35 - 44 Years,College Graduate,"<= $75,000, Above Poverty",0.0,0.0,0.14202321103065624,0,0,0.8579767889693437
45 - 54 Years,< 12 Years,"<= $75,000, Above Poverty",1.0,0.0,0.6978472251767951,1,0,0.3021527748232049
65+ Years,12 Years,"<= $75,000, Above Poverty",0.0,0.0,0.17025262322696655,0,0,0.8297473767730335
35 - 44 Years,College Graduate,"> $75,000",0.0,0.0,0.298734692099598,0,0,0.701265307900402
45 - 54 Years,College Graduate,"> $75,000",1.0,0.0,0.8676530481849024,1,1,0.1323469518150976
55 - 64 Years,< 12 Years,"<= $75,000, Above Poverty",0.0,0.0,0.3910131344966501,0,1,0.6089868655033499
18 - 34 Years,College Graduate,"<= $75,000, Above Poverty",0.0,0.0,0.20643745604631236,0,0,0.7935625439536876
55 - 64 Years,12 Years,"<= $75,000, Above Poverty",0.0,0.0,0.3233246723109902,0,0,0.6766753276890098
55 - 64 Years,Some College,"<= $75,000, Above Poverty",0.0,0.0,0.1498997763203316,0,0,0.8501002236796684
45 - 54 Years,College Graduate,"> $75,000",0.0,0.0,0.36082348123644853,0,0,0.6391765187635514
55 - 64 Years,Some College,"<= $75,000, Above Poverty",0.0,0.0,0.3985245977703115,0,0,0.6014754022296884
55 - 64 Years,College Graduate,"<= $75,000, Above Poverty",0.0,0.0,0.33885223270348364,0,0,0.6611477672965164
18 - 34 Years,College Graduate,"<= $75,000, Above Poverty",0.0,0.0,0.33336488990003654,0,0,0.6666351100999635
55 - 64 Years,College Graduate,"<= $75,000, Above Poverty",0.0,0.0,0.2590563649990697,0,0,0.7409436350009303
65+ Years,< 12 Years,Below Poverty,0.0,0.0,0.20509992587994505,0,0,0.7949000741200549
45 - 54 Years,Some College,"> $75,000",1.0,0.0,0.3714682332208026,0,1,0.6285317667791974
65+ Years,College Graduate,"<= $75,000, Above Poverty",0.0,0.0,0.4075189327374528,1,0,0.5924810672625471
55 - 64 Years,Some College,"<= $75,000, Above Poverty",0.0,0.0,0.23573161245979557,0,0,0.7642683875402044
18 - 34 Years,College Graduate,"<= $75,000, Above Poverty",1.0,0.0,0.7274806032139634,1,1,0.27251939678603665
45 - 54 Years,College Graduate,"<= $75,000, Above Poverty",0.0,0.0,0.32196367754365535,0,0,0.6780363224563446
65+ Years,12 Years,"<= $75,000, Above Poverty",0.0,1.0,0.46492133039498285,1,0,0.5350786696050172
65+ Years,Some College,"<= $75,000, Above Poverty",1.0,0.0,0.4823007286283331,1,1,0.5176992713716668
18 - 34 Years,College Graduate,"<= $75,000, Above Poverty",0.0,0.0,0.34389108818626507,0,0,0.6561089118137349
55 - 64 Years,Some College,"<= $75,000, Above Poverty",0.0,0.0,0.08349502547079964,0,0,0.9165049745292003
35 - 44 Years,College Graduate,"<= $75,000, Above Poverty",0.0,1.0,0.6938662381675856,1,0,0.30613376183241436
45 - 54 Years,Some College,"<= $75,000, Above Poverty",0.0,0.0,0.1223443837723346,0,0,0.8776556162276654
18 - 34 Years,College Graduate,"<= $75,000, Above Poverty",0.0,0.0,0.08213515093280901,0,0,0.917864849067191
35 - 44 Years,12 Years,"<= $75,000, Above Poverty",1.0,0.0,0.8517168818096901,1,0,0.14828311819030993
65+ Years,12 Years,"<= $75,000, Above Poverty",1.0,1.0,0.89838075556359,1,0,0.10161924443641002
18 - 34 Years,Some College,Below Poverty,0.0,0.0,0.4374790321252923,1,0,0.5625209678747076
65+ Years,College Graduate,"<= $75,000, Above Poverty",0.0,0.0,0.41783764257574196,1,0,0.582162357424258
35 - 44 Years,Some College,"<= $75,000, Above Poverty",0.0,0.0,0.19874366594285436,0,0,0.8012563340571457
65+ Years,12 Years,"<= $75,000, Above Poverty",0.0,0.0,0.23154242791331278,0,0,0.7684575720866872
18 - 34 Years,12 Years,"<= $75,000, Above Poverty",1.0,0.0,0.8720484040008736,1,1,0.12795159599912642
65+ Years,College Graduate,"<= $75,000, Above Poverty",0.0,0.0,0.44194241853346344,1,0,0.5580575814665365
55 - 64 Years,12 Years,"<= $75,000, Above Poverty",1.0,0.0,0.3825467458051061,0,0,0.6174532541948938
55 - 64 Years,12 Years,"> $75,000",0.0,0.0,0.2989888124232324,0,0,0.7010111875767676
55 - 64 Years,College Graduate,"> $75,000",0.0,0.0,0.2472484997265506,0,0,0.7527515002734494
18 - 34 Years,College Graduate,"> $75,000",1.0,1.0,0.9819831173571246,1,1,0.018016882642875376
35 - 44 Years,Some College,Below Poverty,0.0,1.0,0.16782391045087666,0,0,0.8321760895491234
55 - 64 Years,College Graduate,"> $75,000",1.0,1.0,0.8598891148172515,1,1,0.1401108851827485
18 - 34 Years,Some College,"> $75,000",0.0,0.0,0.41084469273864943,1,0,0.5891553072613506
35 - 44 Years,College Graduate,"<= $75,000, Above Poverty",0.0,0.0,0.30029951756783396,0,0,0.699700482432166
45 - 54 Years,College Graduate,"<= $75,000, Above Poverty",0.0,1.0,0.8235009285067589,1,1,0.17649907149324107
18 - 34 Years,Some College,"<= $75,000, Above Poverty",0.0,0.0,0.4463553954418688,1,0,0.5536446045581311
65+ Years,College Graduate,"<= $75,000, Above Poverty",0.0,0.0,0.45775414220421184,1,0,0.5422458577957882
35 - 44 Years,12 Years,"<= $75,000, Above Poverty",0.0,0.0,0.5294778716769255,1,0,0.4705221283230745
65+ Years,12 Years,"<= $75,000, Above Poverty",0.0,0.0,0.32780119406814245,0,0,0.6721988059318575
18 - 34 Years,Some College,"<= $75,000, Above Poverty",0.0,1.0,0.621677274118481,1,1,0.37832272588151905
35 - 44 Years,Some College,"> $75,000",0.0,0.0,0.23702084513922309,0,0,0.7629791548607769
65+ Years,12 Years,"<= $75,000, Above Poverty",0.0,0.0,0.6388437630425641,1,1,0.3611562369574359
65+ Years,College Graduate,"<= $75,000, Above Poverty",0.0,0.0,0.521450125844349,1,1,0.478549874155651
35 - 44 Years,College Graduate,"> $75,000",0.0,0.0,0.348609230803726,0,0,0.6513907691962739
65+ Years,12 Years,"<= $75,000, Above Poverty",0.0,0.0,0.2225249000425491,0,0,0.7774750999574509
55 - 64 Years,College Graduate,"<= $75,000, Above Poverty",1.0,0.0,0.9607294770062164,1,1,0.03927052299378364
65+ Years,12 Years,"<= $75,000, Above Poverty",0.0,0.0,0.26265468315397883,0,0,0.7373453168460211
65+ Years,12 Years,"<= $75,000, Above Poverty",0.0,0.0,0.49652420420590637,1,0,0.5034757957940936
65+ Years,Some College,"<= $75,000, Above Poverty",1.0,1.0,0.8539489400242684,1,0,0.14605105997573165
65+ Years,College Graduate,"> $75,000",0.0,0.0,0.3424954535186328,0,0,0.6575045464813671
45 - 54 Years,College Graduate,"<= $75,000, Above Poverty",0.0,0.0,0.2434302041501085,0,0,0.7565697958498915
45 - 54 Years,Some College,"<= $75,000, Above Poverty",0.0,0.0,0.37454734627826125,0,0,0.6254526537217387
65+ Years,12 Years,"<= $75,000, Above Poverty",0.0,0.0,0.3306026717332371,0,0,0.6693973282667629
65+ Years,College Graduate,"<= $75,000, Above Poverty",0.0,0.0,0.3073948548427014,0,0,0.6926051451572985
65+ Years,Some College,"<= $75,000, Above Poverty",0.0,0.0,0.350805077484192,0,0,0.649194922515808
45 - 54 Years,< 12 Years,"<= $75,000, Above Poverty",0.0,0.0,0.1594807357113507,0,0,0.8405192642886493
65+ Years,12 Years,"<= $75,000, Above Poverty",0.0,0.0,0.15662475875041718,0,0,0.8433752412495829
18 - 34 Years,Some College,"<= $75,000, Above Poverty",0.0,0.0,0.1532478967995734,0,0,0.8467521032004266
65+ Years,Some College,"<= $75,000, Above Poverty",1.0,0.0,0.7285189978863604,1,0,0.27148100211363957
18 - 34 Years,College Graduate,"> $75,000",1.0,0.0,0.8654483419638612,1,1,0.13455165803613878
18 - 34 Years,Some College,"<= $75,000, Above Poverty",0.0,0.0,0.5213259714545139,1,0,0.47867402854548613
45 - 54 Years,12 Years,Below Poverty,0.0,0.0,0.1222770140268133,0,0,0.8777229859731867
45 - 54 Years,< 12 Years,"<= $75,000, Above Poverty",0.0,0.0,0.22047690623286068,0,0,0.7795230937671394
55 - 64 Years,College Graduate,"<= $75,000, Above Poverty",0.0,0.0,0.3213752169333934,0,0,0.6786247830666066
45 - 54 Years,12 Years,"> $75,000",0.0,0.0,0.5738496538491018,1,0,0.4261503461508982
65+ Years,College Graduate,"<= $75,000, Above Poverty",0.0,0.0,0.45326036931866726,1,0,0.5467396306813328
55 - 64 Years,Some College,"<= $75,000, Above Poverty",1.0,0.0,0.8468401128837106,1,0,0.15315988711628936
55 - 64 Years,College Graduate,"<= $75,000, Above Poverty",0.0,1.0,0.5938619604716192,1,0,0.4061380395283808
35 - 44 Years,College Graduate,"<= $75,000, Above Poverty",0.0,0.0,0.1590438546195848,0,0,0.8409561453804152
55 - 64 Years,12 Years,"<= $75,000, Above Poverty",0.0,0.0,0.30005250712485454,0,0,0.6999474928751455
18 - 34 Years,12 Years,Below Poverty,0.0,0.0,0.13531366361251163,0,0,0.8646863363874884
55 - 64 Years,Some College,"<= $75,000, Above Poverty",0.0,0.0,0.31186351682008573,0,0,0.6881364831799143
35 - 44 Years,Some College,"<= $75,000, Above Poverty",0.0,1.0,0.6206053984731756,1,0,0.37939460152682436
45 - 54 Years,College Graduate,"> $75,000",1.0,1.0,0.9179599238207752,1,0,0.08204007617922482
55 - 64 Years,College Graduate,"<= $75,000, Above Poverty",0.0,0.0,0.13999796748155136,0,0,0.8600020325184486
65+ Years,Some College,"<= $75,000, Above Poverty",0.0,0.0,0.6806254044517288,1,0,0.3193745955482712
65+ Years,College Graduate,"<= $75,000, Above Poverty",0.0,0.0,0.35311692985989723,0,0,0.6468830701401027
18 - 34 Years,< 12 Years,"<= $75,000, Above Poverty",1.0,0.0,0.6262313592288339,1,0,0.3737686407711661
45 - 54 Years,12 Years,"<= $75,000, Above Poverty",0.0,1.0,0.8846486016843018,1,1,0.11535139831569818
65+ Years,Some College,"<= $75,000, Above Poverty",0.0,0.0,0.4760695644344502,1,1,0.5239304355655499
35 - 44 Years,Some College,"> $75,000",0.0,0.0,0.13302931232248713,0,0,0.8669706876775128
65+ Years,Some College,"<= $75,000, Above Poverty",0.0,0.0,0.45251054127242696,1,0,0.547489458727573
55 - 64 Years,Some College,"<= $75,000, Above Poverty",0.0,0.0,0.37271660956781755,0,0,0.6272833904321824
55 - 64 Years,College Graduate,"> $75,000",0.0,0.0,0.40612782273120523,1,0,0.5938721772687947
35 - 44 Years,Some College,"> $75,000",1.0,0.0,0.8147124275224374,1,0,0.18528757247756256
65+ Years,< 12 Years,"<= $75,000, Above Poverty",0.0,0.0,0.23418880982757437,0,0,0.7658111901724256
65+ Years,< 12 Years,"<= $75,000, Above Poverty",1.0,0.0,0.7618246967089725,1,0,0.23817530329102754
65+ Years,12 Years,"<= $75,000, Above Poverty",0.0,0.0,0.15580441829692973,0,0,0.8441955817030703
65+ Years,Some College,"<= $75,000, Above Poverty",0.0,0.0,0.5237479072911336,1,0,0.47625209270886637
35 - 44 Years,College Graduate,"> $75,000",0.0,0.0,0.32886219185206633,0,0,0.6711378081479337
55 - 64 Years,12 Years,"> $75,000",0.0,0.0,0.5860603536936053,1,0,0.4139396463063947
65+ Years,College Graduate,"<= $75,000, Above Poverty",0.0,0.0,0.363945768475272,0,0,0.636054231524728
18 - 34 Years,Some College,"<= $75,000, Above Poverty",0.0,0.0,0.28429279750713793,0,1,0.7157072024928621
65+ Years,12 Years,"<= $75,000, Above Poverty",1.0,0.0,0.8933958940285966,1,1,0.10660410597140335
18 - 34 Years,Some College,"> $75,000",0.0,0.0,0.19777689831543552,0,0,0.8022231016845645
18 - 34 Years,Some College,"<= $75,000, Above Poverty",1.0,1.0,0.8077890375900618,1,1,0.19221096240993818
65+ Years,< 12 Years,"<= $75,000, Above Poverty",0.0,0.0,0.14618542219664826,0,0,0.8538145778033517
45 - 54 Years,< 12 Years,Below Poverty,0.0,0.0,0.29082001362756127,0,1,0.7091799863724387
65+ Years,College Graduate,"<= $75,000, Above Poverty",0.0,0.0,0.33015514311281274,0,0,0.6698448568871873
55 - 64 Years,College Graduate,"> $75,000",0.0,0.0,0.2792300867381438,0,0,0.7207699132618561
35 - 44 Years,College Graduate,"<= $75,000, Above Poverty",0.0,0.0,0.2449516668991719,0,0,0.7550483331008281
35 - 44 Years,College Graduate,"> $75,000",0.0,0.0,0.08782636291608296,0,0,0.9121736370839171
18 - 34 Years,Some College,Below Poverty,0.0,0.0,0.2725648017465966,0,1,0.7274351982534034
35 - 44 Years,12 Years,"<= $75,000, Above Poverty",0.0,0.0,0.14615073676317758,0,0,0.8538492632368224
45 - 54 Years,12 Years,Below Poverty,0.0,0.0,0.19041223013228478,0,0,0.8095877698677152
55 - 64 Years,12 Years,"<= $75,000, Above Poverty",0.0,0.0,0.30264850306111674,0,0,0.6973514969388832
18 - 34 Years,Some College,"> $75,000",0.0,0.0,0.36250701906065724,0,0,0.6374929809393428
65+ Years,College Graduate,"> $75,000",0.0,0.0,0.48388525192699333,1,0,0.5161147480730066
65+ Years,Some College,"<= $75,000, Above Poverty",0.0,0.0,0.2705548358880476,0,0,0.7294451641119524
35 - 44 Years,12 Years,Below Poverty,0.0,0.0,0.3384630003674967,0,0,0.6615369996325033
55 - 64 Years,College Graduate,"<= $75,000, Above Poverty",1.0,0.0,0.9384932280044053,1,0,0.06150677199559473
65+ Years,12 Years,"<= $75,000, Above Poverty",0.0,0.0,0.15871498471276602,0,0,0.841285015287234
45 - 54 Years,12 Years,"<= $75,000, Above Poverty",0.0,0.0,0.29220843845690037,0,1,0.7077915615430996
35 - 44 Years,< 12 Years,Below Poverty,0.0,0.0,0.4369882303281727,1,0,0.5630117696718273
55 - 64 Years,College Graduate,"<= $75,000, Above Poverty",0.0,0.0,0.42463707848129173,1,0,0.5753629215187083
45 - 54 Years,12 Years,"<= $75,000, Above Poverty",0.0,0.0,0.184798916632342,0,1,0.815201083367658
55 - 64 Years,Some College,"<= $75,000, Above Poverty",0.0,0.0,0.08581553696698514,0,0,0.9141844630330148
65+ Years,Some College,Below Poverty,0.0,0.0,0.2660553904071562,0,0,0.7339446095928438
45 - 54 Years,12 Years,"<= $75,000, Above Poverty",1.0,0.0,0.6932303600936093,1,0,0.3067696399063907
65+ Years,< 12 Years,"<= $75,000, Above Poverty",1.0,0.0,0.9202704738961495,1,1,0.07972952610385053
45 - 54 Years,Some College,Below Poverty,1.0,0.0,0.9246744080066194,1,0,0.07532559199338063
65+ Years,College Graduate,"<= $75,000, Above Poverty",0.0,0.0,0.6757349445775187,1,0,0.3242650554224813
18 - 34 Years,< 12 Years,"<= $75,000, Above Poverty",1.0,0.0,0.826666181811727,1,1,0.17333381818827298
35 - 44 Years,12 Years,"<= $75,000, Above Poverty",0.0,0.0,0.34471264801026213,0,0,0.6552873519897379
65+ Years,12 Years,"<= $75,000, Above Poverty",1.0,0.0,0.7526083247735025,1,1,0.24739167522649752
55 - 64 Years,12 Years,Below Poverty,0.0,0.0,0.25516434406105487,0,0,0.7448356559389451
45 - 54 Years,< 12 Years,"<= $75,000, Above Poverty",0.0,0.0,0.5259371849702683,1,0,0.4740628150297317
65+ Years,College Graduate,"<= $75,000, Above Poverty",0.0,0.0,0.49439209364084363,1,0,0.5056079063591563
18 - 34 Years,12 Years,"<= $75,000, Above Poverty",1.0,0.0,0.5450760442289765,1,0,0.4549239557710235
65+ Years,12 Years,"<= $75,000, Above Poverty",0.0,1.0,0.7070894670606575,1,0,0.29291053293934255
55 - 64 Years,College Graduate,"> $75,000",0.0,0.0,0.3627012248370101,0,0,0.6372987751629899
45 - 54 Years,Some College,"> $75,000",0.0,0.0,0.15514730258596013,0,0,0.8448526974140399
65+ Years,College Graduate,"<= $75,000, Above Poverty",0.0,0.0,0.06015558096800595,0,0,0.939844419031994
45 - 54 Years,12 Years,"<= $75,000, Above Poverty",0.0,0.0,0.2816871770314136,0,0,0.7183128229685865
65+ Years,12 Years,"<= $75,000, Above Poverty",0.0,0.0,0.3047964134458577,0,0,0.6952035865541424
55 - 64 Years,College Graduate,"<= $75,000, Above Poverty",1.0,0.0,0.7121212244668913,1,0,0.2878787755331087
65+ Years,< 12 Years,Below Poverty,0.0,0.0,0.33474726010347305,0,0,0.6652527398965269
35 - 44 Years,12 Years,"<= $75,000, Above Poverty",0.0,0.0,0.1874811620578674,0,0,0.8125188379421326
65+ Years,College Graduate,"> $75,000",0.0,0.0,0.5634602705743034,1,0,0.43653972942569663
18 - 34 Years,College Graduate,"<= $75,000, Above Poverty",0.0,0.0,0.3681016770014887,0,0,0.6318983229985113
18 - 34 Years,College Graduate,"<= $75,000, Above Poverty",0.0,0.0,0.5362601081770652,1,0,0.46373989182293485
18 - 34 Years,College Graduate,"> $75,000",0.0,0.0,0.40078568235114165,1,1,0.5992143176488584
18 - 34 Years,College Graduate,"> $75,000",0.0,1.0,0.4615799001767314,1,0,0.5384200998232687
55 - 64 Years,Some College,"<= $75,000, Above Poverty",1.0,1.0,0.9779907128857854,1,1,0.02200928711421457
18 - 34 Years,College Graduate,"<= $75,000, Above Poverty",0.0,0.0,0.2901645283499012,0,0,0.7098354716500987
18 - 34 Years,College Graduate,"> $75,000",0.0,0.0,0.26336295114802133,0,0,0.7366370488519787
18 - 34 Years,College Graduate,"> $75,000",0.0,0.0,0.4247782977595325,1,0,0.5752217022404675
55 - 64 Years,12 Years,"> $75,000",0.0,0.0,0.1680542057865414,0,0,0.8319457942134586
55 - 64 Years,< 12 Years,Below Poverty,1.0,0.0,0.5058320383073845,1,0,0.49416796169261545
18 - 34 Years,College Graduate,"<= $75,000, Above Poverty",0.0,0.0,0.2580492069907778,0,0,0.7419507930092222
18 - 34 Years,College Graduate,"<= $75,000, Above Poverty",0.0,1.0,0.6160136704186678,1,0,0.38398632958133216
35 - 44 Years,Some College,"<= $75,000, Above Poverty",0.0,0.0,0.1408801634719936,0,0,0.8591198365280064
35 - 44 Years,College Graduate,"> $75,000",0.0,0.0,0.4051018327359057,1,0,0.5948981672640943
65+ Years,College Graduate,"<= $75,000, Above Poverty",1.0,0.0,0.7492126532597259,1,0,0.25078734674027414
18 - 34 Years,Some College,"> $75,000",0.0,0.0,0.3961786167505481,0,0,0.6038213832494519
55 - 64 Years,College Graduate,"<= $75,000, Above Poverty",0.0,0.0,0.43689530376625396,1,0,0.563104696233746
18 - 34 Years,12 Years,Below Poverty,0.0,0.0,0.4657739136819479,1,0,0.5342260863180521
18 - 34 Years,College Graduate,"<= $75,000, Above Poverty",0.0,1.0,0.4636023522358989,1,1,0.536397647764101
35 - 44 Years,Some College,"<= $75,000, Above Poverty",0.0,0.0,0.1425929882197248,0,0,0.8574070117802752
65+ Years,College Graduate,"<= $75,000, Above Poverty",0.0,0.0,0.43375576252953585,1,0,0.5662442374704642
35 - 44 Years,Some College,"<= $75,000, Above Poverty",1.0,0.0,0.6442366966212824,1,1,0.35576330337871764
65+ Years,College Graduate,"> $75,000",0.0,0.0,0.5051581192879866,1,0,0.4948418807120134
55 - 64 Years,College Graduate,"> $75,000",0.0,0.0,0.5243477252814956,1,0,0.47565227471850435
18 - 34 Years,Some College,Below Poverty,0.0,0.0,0.3100911186819971,0,0,0.6899088813180029
65+ Years,College Graduate,"<= $75,000, Above Poverty",0.0,0.0,0.23392758521133022,0,0,0.7660724147886697
45 - 54 Years,< 12 Years,"<= $75,000, Above Poverty",0.0,0.0,0.16851103494934688,0,0,0.8314889650506532
65+ Years,College Graduate,"<= $75,000, Above Poverty",0.0,0.0,0.46831441219604864,1,0,0.5316855878039514
18 - 34 Years,Some College,"> $75,000",1.0,1.0,0.898411466686415,1,1,0.10158853331358497
55 - 64 Years,12 Years,Below Poverty,0.0,0.0,0.20787961802287808,0,0,0.7921203819771219
55 - 64 Years,12 Years,"<= $75,000, Above Poverty",0.0,0.0,0.11333981403414799,0,0,0.886660185965852
65+ Years,College Graduate,"<= $75,000, Above Poverty",0.0,0.0,0.46709968790871487,1,0,0.5329003120912852
55 - 64 Years,College Graduate,"<= $75,000, Above Poverty",0.0,0.0,0.27343225631703705,0,0,0.726567743682963
55 - 64 Years,College Graduate,"> $75,000",0.0,0.0,0.5102790507674351,1,1,0.48972094923256493
18 - 34 Years,12 Years,Below Poverty,0.0,0.0,0.2725247292542994,0,0,0.7274752707457006
65+ Years,12 Years,"<= $75,000, Above Poverty",1.0,1.0,0.9164927345757665,1,0,0.08350726542423348
65+ Years,College Graduate,"> $75,000",1.0,0.0,0.7158245296016683,1,1,0.2841754703983317
55 - 64 Years,College Graduate,"<= $75,000, Above Poverty",0.0,0.0,0.1310134001880089,0,0,0.8689865998119911
45 - 54 Years,12 Years,"<= $75,000, Above Poverty",0.0,0.0,0.23043344990072473,0,0,0.7695665500992752
18 - 34 Years,College Graduate,"<= $75,000, Above Poverty",0.0,0.0,0.32533951904429137,0,0,0.6746604809557086
65+ Years,12 Years,"<= $75,000, Above Poverty",1.0,0.0,0.6838966484572921,1,1,0.31610335154270786
65+ Years,Some College,"<= $75,000, Above Poverty",0.0,0.0,0.3361951929056926,0,0,0.6638048070943074
65+ Years,12 Years,Below Poverty,0.0,0.0,0.24861922276457207,0,0,0.751380777235428
55 - 64 Years,< 12 Years,"<= $75,000, Above Poverty",0.0,0.0,0.5821552285165917,1,0,0.41784477148340826
45 - 54 Years,College Graduate,"<= $75,000, Above Poverty",0.0,0.0,0.2879420253874001,0,0,0.7120579746125999
35 - 44 Years,College Graduate,"<= $75,000, Above Poverty",0.0,0.0,0.410474688122199,1,0,0.589525311877801
65+ Years,College Graduate,"<= $75,000, Above Poverty",0.0,0.0,0.38537308633132217,0,1,0.6146269136686778
55 - 64 Years,College Graduate,"<= $75,000, Above Poverty",0.0,0.0,0.2343486832482155,0,0,0.7656513167517844
55 - 64 Years,College Graduate,Below Poverty,1.0,0.0,0.9456205492520557,1,0,0.05437945074794426
55 - 64 Years,12 Years,Below Poverty,0.0,0.0,0.5040294604822192,1,0,0.4959705395177808
65+ Years,12 Years,"<= $75,000, Above Poverty",0.0,0.0,0.4131206136054127,1,1,0.5868793863945874
45 - 54 Years,12 Years,"<= $75,000, Above Poverty",0.0,0.0,0.21637374506802176,0,0,0.7836262549319782
65+ Years,12 Years,"<= $75,000, Above Poverty",0.0,0.0,0.38243319275752546,0,0,0.6175668072424745
45 - 54 Years,12 Years,"<= $75,000, Above Poverty",0.0,0.0,0.15543861528105693,0,0,0.844561384718943
18 - 34 Years,College Graduate,"<= $75,000, Above Poverty",0.0,0.0,0.12162260086250891,0,0,0.8783773991374911
35 - 44 Years,Some College,"> $75,000",0.0,0.0,0.17625231163100563,0,0,0.8237476883689944
55 - 64 Years,Some College,"<= $75,000, Above Poverty",0.0,0.0,0.042076599453024555,0,0,0.9579234005469754
35 - 44 Years,College Graduate,"> $75,000",0.0,1.0,0.4718835404004979,1,0,0.528116459599502
35 - 44 Years,Some College,"<= $75,000, Above Poverty",0.0,0.0,0.5106684982135311,1,0,0.4893315017864689
55 - 64 Years,College Graduate,"<= $75,000, Above Poverty",0.0,1.0,0.8609419631789181,1,0,0.13905803682108187
35 - 44 Years,12 Years,Below Poverty,1.0,0.0,0.9395115380072431,1,1,0.060488461992756926
45 - 54 Years,12 Years,"<= $75,000, Above Poverty",0.0,0.0,0.2470040763659407,0,0,0.7529959236340593
35 - 44 Years,College Graduate,"<= $75,000, Above Poverty",0.0,0.0,0.3209799132755875,0,1,0.6790200867244125
55 - 64 Years,College Graduate,"<= $75,000, Above Poverty",0.0,0.0,0.491697618002221,1,0,0.508302381997779
18 - 34 Years,College Graduate,"> $75,000",0.0,1.0,0.8635237544099323,1,0,0.13647624559006766
18 - 34 Years,12 Years,"<= $75,000, Above Poverty",0.0,0.0,0.38219980868100045,0,1,0.6178001913189995
45 - 54 Years,12 Years,"> $75,000",0.0,0.0,0.349883255420989,0,0,0.650116744579011
65+ Years,< 12 Years,"<= $75,000, Above Poverty",0.0,0.0,0.2571117937714034,0,0,0.7428882062285966
65+ Years,12 Years,Below Poverty,1.0,0.0,0.6038942641438916,1,0,0.3961057358561084
35 - 44 Years,Some College,"<= $75,000, Above Poverty",0.0,0.0,0.16201885807437233,0,0,0.8379811419256277
35 - 44 Years,College Graduate,"> $75,000",0.0,0.0,0.1572563001724273,0,0,0.8427436998275727
65+ Years,College Graduate,"<= $75,000, Above Poverty",0.0,0.0,0.03894663207740885,0,0,0.9610533679225911
55 - 64 Years,Some College,"<= $75,000, Above Poverty",0.0,0.0,0.3465294541475798,0,0,0.6534705458524201
65+ Years,12 Years,"<= $75,000, Above Poverty",0.0,0.0,0.3964202160859374,0,0,0.6035797839140626
65+ Years,12 Years,Below Poverty,0.0,0.0,0.5087659869091108,1,0,0.4912340130908892
65+ Years,12 Years,"<= $75,000, Above Poverty",0.0,0.0,0.31687408803714745,0,1,0.6831259119628526
65+ Years,College Graduate,"<= $75,000, Above Poverty",0.0,0.0,0.05394918833012758,0,0,0.9460508116698724
18 - 34 Years,< 12 Years,"> $75,000",0.0,0.0,0.14413495026857287,0,0,0.8558650497314271
55 - 64 Years,College Graduate,"> $75,000",0.0,0.0,0.46047219917733323,1,0,0.5395278008226667
35 - 44 Years,College Graduate,"> $75,000",0.0,0.0,0.405445418824513,1,0,0.594554581175487
55 - 64 Years,College Graduate,"> $75,000",1.0,0.0,0.9194623290597504,1,1,0.08053767094024955
65+ Years,Some College,"> $75,000",0.0,0.0,0.1886177185795736,0,0,0.8113822814204263
55 - 64 Years,College Graduate,"<= $75,000, Above Poverty",1.0,0.0,0.799047437638817,1,1,0.20095256236118297
65+ Years,Some College,"<= $75,000, Above Poverty",0.0,0.0,0.26436970095195833,0,0,0.7356302990480417
35 - 44 Years,Some College,"> $75,000",1.0,1.0,0.9477385304115196,1,1,0.052261469588480436
45 - 54 Years,12 Years,"<= $75,000, Above Poverty",0.0,0.0,0.2184382943275992,0,0,0.7815617056724008
45 - 54 Years,Some College,"<= $75,000, Above Poverty",0.0,0.0,0.14084654723438034,0,0,0.8591534527656197
55 - 64 Years,Some College,"<= $75,000, Above Poverty",0.0,0.0,0.3274361406759536,0,0,0.6725638593240464
18 - 34 Years,12 Years,"<= $75,000, Above Poverty",0.0,0.0,0.09864818762815013,0,0,0.9013518123718499
65+ Years,Some College,"<= $75,000, Above Poverty",0.0,0.0,0.09880718565095774,0,0,0.9011928143490423
18 - 34 Years,Some College,"<= $75,000, Above Poverty",0.0,0.0,0.19066866665593696,0,0,0.809331333344063
65+ Years,College Graduate,"<= $75,000, Above Poverty",0.0,0.0,0.49294916810084527,1,0,0.5070508318991547
18 - 34 Years,Some College,Below Poverty,0.0,0.0,0.15724729444632343,0,0,0.8427527055536765
45 - 54 Years,< 12 Years,"<= $75,000, Above Poverty",0.0,0.0,0.1401935372849774,0,0,0.8598064627150226
65+ Years,College Graduate,"> $75,000",0.0,0.0,0.6841067602462967,1,1,0.3158932397537033
55 - 64 Years,College Graduate,"<= $75,000, Above Poverty",0.0,0.0,0.2048558187176704,0,1,0.7951441812823297
45 - 54 Years,College Graduate,"> $75,000",0.0,0.0,0.35479311712927986,0,1,0.6452068828707201
65+ Years,Some College,"<= $75,000, Above Poverty",0.0,0.0,0.1415540146710025,0,0,0.8584459853289975
55 - 64 Years,12 Years,"<= $75,000, Above Poverty",0.0,0.0,0.5428328274961455,1,0,0.4571671725038545
65+ Years,Some College,"<= $75,000, Above Poverty",1.0,0.0,0.7331821409787129,1,0,0.2668178590212871
35 - 44 Years,College Graduate,"> $75,000",0.0,0.0,0.24223241987476413,0,0,0.7577675801252359
45 - 54 Years,12 Years,"<= $75,000, Above Poverty",0.0,0.0,0.12678417309421774,0,0,0.8732158269057823
45 - 54 Years,Some College,"<= $75,000, Above Poverty",0.0,0.0,0.36952087290814806,0,1,0.6304791270918519
18 - 34 Years,College Graduate,"> $75,000",1.0,1.0,0.9369151939051451,1,1,0.0630848060948549
18 - 34 Years,< 12 Years,"<= $75,000, Above Poverty",0.0,0.0,0.36232131976412185,0,0,0.6376786802358781
45 - 54 Years,College Graduate,"> $75,000",0.0,0.0,0.22750441056342213,0,0,0.7724955894365779
45 - 54 Years,College Graduate,"<= $75,000, Above Poverty",0.0,0.0,0.181442254362827,0,0,0.818557745637173
45 - 54 Years,College Graduate,"> $75,000",0.0,0.0,0.5981463078727609,1,0,0.4018536921272391
45 - 54 Years,Some College,"<= $75,000, Above Poverty",0.0,0.0,0.27946280749027314,0,0,0.7205371925097268
18 - 34 Years,Some College,"<= $75,000, Above Poverty",0.0,1.0,0.41015880691389994,1,0,0.5898411930861001
45 - 54 Years,Some College,"<= $75,000, Above Poverty",1.0,0.0,0.7755771278842113,1,1,0.2244228721157887
65+ Years,12 Years,"<= $75,000, Above Poverty",0.0,0.0,0.4049002336876829,1,0,0.5950997663123171
55 - 64 Years,College Graduate,"> $75,000",0.0,0.0,0.3600924707424292,0,0,0.6399075292575708
18 - 34 Years,12 Years,"<= $75,000, Above Poverty",0.0,1.0,0.2871223497758588,0,0,0.7128776502241412
45 - 54 Years,< 12 Years,"<= $75,000, Above Poverty",0.0,0.0,0.12999182788971028,0,0,0.8700081721102897
45 - 54 Years,College Graduate,"> $75,000",0.0,0.0,0.24964488526084924,0,0,0.7503551147391507
18 - 34 Years,Some College,"<= $75,000, Above Poverty",0.0,0.0,0.2430617702004956,0,0,0.7569382297995044
45 - 54 Years,College Graduate,"> $75,000",0.0,0.0,0.5548918948069009,1,1,0.44510810519309907
45 - 54 Years,12 Years,"<= $75,000, Above Poverty",0.0,0.0,0.152381593601771,0,0,0.847618406398229
18 - 34 Years,College Graduate,"<= $75,000, Above Poverty",0.0,0.0,0.23219686085988575,0,0,0.7678031391401142
65+ Years,Some College,"> $75,000",0.0,0.0,0.3559011068659048,0,0,0.6440988931340952
65+ Years,Some College,"<= $75,000, Above Poverty",0.0,0.0,0.4058867302780204,1,0,0.5941132697219795
18 - 34 Years,12 Years,"<= $75,000, Above Poverty",0.0,1.0,0.575230101613337,1,0,0.424769898386663
18 - 34 Years,12 Years,"<= $75,000, Above Poverty",0.0,0.0,0.19187688468612793,0,0,0.808123115313872
45 - 54 Years,College Graduate,"> $75,000",0.0,0.0,0.40986700563373285,1,0,0.5901329943662672
35 - 44 Years,College Graduate,"> $75,000",0.0,0.0,0.3722088670167474,0,0,0.6277911329832526
45 - 54 Years,Some College,"<= $75,000, Above Poverty",0.0,0.0,0.14108399845794817,0,0,0.8589160015420518
65+ Years,12 Years,"<= $75,000, Above Poverty",0.0,0.0,0.30539679234974887,0,0,0.6946032076502511
55 - 64 Years,College Graduate,"> $75,000",0.0,0.0,0.36009259594333703,0,0,0.639907404056663
35 - 44 Years,College Graduate,"> $75,000",0.0,0.0,0.4521971526443677,1,0,0.5478028473556322
45 - 54 Years,Some College,"> $75,000",1.0,1.0,0.8987109265380149,1,0,0.10128907346198512
65+ Years,College Graduate,"<= $75,000, Above Poverty",0.0,0.0,0.29782633902920974,0,0,0.7021736609707903
18 - 34 Years,Some College,"<= $75,000, Above Poverty",1.0,0.0,0.7240660589994445,1,1,0.27593394100055546
55 - 64 Years,College Graduate,"<= $75,000, Above Poverty",0.0,0.0,0.19571770585109494,0,1,0.8042822941489051
55 - 64 Years,College Graduate,"> $75,000",0.0,0.0,0.400711655133375,1,0,0.5992883448666251
65+ Years,12 Years,Below Poverty,0.0,0.0,0.25173830193357133,0,0,0.7482616980664287
45 - 54 Years,College Graduate,"<= $75,000, Above Poverty",0.0,1.0,0.6636062052084459,1,0,0.33639379479155407
18 - 34 Years,College Graduate,"<= $75,000, Above Poverty",0.0,0.0,0.27023769079769255,0,1,0.7297623092023074
35 - 44 Years,College Graduate,"<= $75,000, Above Poverty",1.0,0.0,0.5053078209645366,1,0,0.49469217903546336
35 - 44 Years,College Graduate,"<= $75,000, Above Poverty",0.0,0.0,0.29118673597685363,0,0,0.7088132640231464
45 - 54 Years,12 Years,"> $75,000",1.0,0.0,0.5761475087659584,1,0,0.42385249123404156
35 - 44 Years,College Graduate,"> $75,000",1.0,1.0,0.9482670974148972,1,1,0.05173290258510277
65+ Years,College Graduate,"<= $75,000, Above Poverty",1.0,0.0,0.7694507018968951,1,1,0.23054929810310487
55 - 64 Years,College Graduate,"<= $75,000, Above Poverty",0.0,0.0,0.2095802960261066,0,0,0.7904197039738934
35 - 44 Years,Some College,"<= $75,000, Above Poverty",0.0,0.0,0.17073117243977146,0,0,0.8292688275602286
35 - 44 Years,Some College,"> $75,000",0.0,0.0,0.48776283394475356,1,1,0.5122371660552465
35 - 44 Years,12 Years,Below Poverty,0.0,0.0,0.285609639038422,0,0,0.714390360961578
65+ Years,< 12 Years,"<= $75,000, Above Poverty",0.0,0.0,0.31521102936315926,0,0,0.6847889706368407
65+ Years,< 12 Years,Below Poverty,1.0,0.0,0.8508008017510305,1,1,0.14919919824896954
45 - 54 Years,College Graduate,"<= $75,000, Above Poverty",0.0,0.0,0.1897491775789479,0,0,0.8102508224210521
55 - 64 Years,College Graduate,"> $75,000",0.0,0.0,0.2384820811501696,0,0,0.7615179188498304
65+ Years,Some College,"<= $75,000, Above Poverty",0.0,0.0,0.04403170452567566,0,0,0.9559682954743244
45 - 54 Years,College Graduate,"> $75,000",1.0,1.0,0.9184771284974943,1,1,0.0815228715025057
18 - 34 Years,Some College,"<= $75,000, Above Poverty",0.0,0.0,0.20812221869952585,0,0,0.7918777813004741
18 - 34 Years,Some College,"> $75,000",0.0,1.0,0.33618130017541836,0,0,0.6638186998245816
18 - 34 Years,College Graduate,"<= $75,000, Above Poverty",0.0,1.0,0.5253337251748794,1,0,0.4746662748251206
35 - 44 Years,Some College,"> $75,000",0.0,0.0,0.14392648060268665,0,0,0.8560735193973134
55 - 64 Years,College Graduate,"> $75,000",0.0,0.0,0.24937701632762893,0,0,0.750622983672371
55 - 64 Years,College Graduate,"<= $75,000, Above Poverty",0.0,0.0,0.24596049144414164,0,1,0.7540395085558583
65+ Years,12 Years,"<= $75,000, Above Poverty",1.0,0.0,0.9498867535936288,1,1,0.05011324640637116
55 - 64 Years,College Graduate,"> $75,000",1.0,1.0,0.9821151067525665,1,1,0.017884893247433475
65+ Years,12 Years,"<= $75,000, Above Poverty",1.0,0.0,0.9343391041426684,1,1,0.06566089585733159
55 - 64 Years,Some College,"<= $75,000, Above Poverty",0.0,0.0,0.21369761557011513,0,0,0.7863023844298849
65+ Years,Some College,"<= $75,000, Above Poverty",1.0,0.0,0.5362726816534475,1,0,0.46372731834655245
55 - 64 Years,Some College,"> $75,000",0.0,0.0,0.16792519667775727,0,0,0.8320748033222427
65+ Years,College Graduate,"<= $75,000, Above Poverty",0.0,0.0,0.36272305383833786,0,0,0.6372769461616621
18 - 34 Years,12 Years,Below Poverty,0.0,0.0,0.2070031195555931,0,0,0.7929968804444069
55 - 64 Years,12 Years,"<= $75,000, Above Poverty",0.0,0.0,0.4442651527992609,1,0,0.5557348472007391
35 - 44 Years,Some College,"<= $75,000, Above Poverty",0.0,0.0,0.04867817614050614,0,0,0.9513218238594938
65+ Years,College Graduate,"<= $75,000, Above Poverty",0.0,0.0,0.36351086887636647,0,1,0.6364891311236336
35 - 44 Years,Some College,"> $75,000",0.0,0.0,0.2549301841193951,0,0,0.7450698158806048
18 - 34 Years,College Graduate,"<= $75,000, Above Poverty",0.0,0.0,0.18071839439870693,0,0,0.819281605601293
45 - 54 Years,College Graduate,"> $75,000",1.0,1.0,0.9589356361105655,1,1,0.04106436388943446
35 - 44 Years,College Graduate,"> $75,000",0.0,0.0,0.3867218371417814,0,0,0.6132781628582187
55 - 64 Years,12 Years,"<= $75,000, Above Poverty",0.0,0.0,0.3176382412721645,0,0,0.6823617587278354
45 - 54 Years,College Graduate,"> $75,000",1.0,0.0,0.6178428746339301,1,0,0.38215712536606994
18 - 34 Years,12 Years,Below Poverty,1.0,1.0,0.47406238950826596,1,0,0.525937610491734
65+ Years,Some College,"<= $75,000, Above Poverty",0.0,0.0,0.23404215329020772,0,0,0.7659578467097923
18 - 34 Years,< 12 Years,"<= $75,000, Above Poverty",0.0,0.0,0.4716310616787491,1,1,0.5283689383212509
65+ Years,College Graduate,"<= $75,000, Above Poverty",1.0,0.0,0.7421954663938897,1,0,0.25780453360611033
55 - 64 Years,College Graduate,"<= $75,000, Above Poverty",0.0,0.0,0.2607729249740307,0,0,0.7392270750259693
65+ Years,Some College,"<= $75,000, Above Poverty",0.0,0.0,0.36510703630994285,0,0,0.6348929636900571
18 - 34 Years,< 12 Years,Below Poverty,0.0,1.0,0.6947860083985528,1,0,0.30521399160144724
55 - 64 Years,Some College,"> $75,000",1.0,0.0,0.7246059014339323,1,0,0.27539409856606767
55 - 64 Years,College Graduate,"<= $75,000, Above Poverty",0.0,0.0,0.3149493483356874,0,0,0.6850506516643127
18 - 34 Years,12 Years,Below Poverty,0.0,0.0,0.29071706324849617,0,0,0.7092829367515039
55 - 64 Years,College Graduate,Below Poverty,0.0,0.0,0.3367184636515404,0,0,0.6632815363484597
65+ Years,12 Years,"<= $75,000, Above Poverty",0.0,0.0,0.40609572012940703,1,0,0.5939042798705929
65+ Years,< 12 Years,"<= $75,000, Above Poverty",0.0,0.0,0.2528735578865499,0,0,0.74712644211345
65+ Years,College Graduate,"<= $75,000, Above Poverty",0.0,0.0,0.23512749334387723,0,0,0.7648725066561228
18 - 34 Years,12 Years,"> $75,000",0.0,0.0,0.3885045001446243,0,0,0.6114954998553757
18 - 34 Years,College Graduate,"<= $75,000, Above Poverty",0.0,0.0,0.26046322388664506,0,0,0.7395367761133549
35 - 44 Years,College Graduate,"<= $75,000, Above Poverty",0.0,1.0,0.34326747009018793,0,0,0.6567325299098121
65+ Years,College Graduate,"<= $75,000, Above Poverty",0.0,0.0,0.5019529034939945,1,0,0.49804709650600554
35 - 44 Years,12 Years,"<= $75,000, Above Poverty",0.0,0.0,0.16655763111365854,0,0,0.8334423688863415
55 - 64 Years,College Graduate,"<= $75,000, Above Poverty",0.0,0.0,0.19154959040769526,0,0,0.8084504095923047
18 - 34 Years,Some College,"<= $75,000, Above Poverty",0.0,1.0,0.24771738973482035,0,0,0.7522826102651796
65+ Years,12 Years,"<= $75,000, Above Poverty",0.0,0.0,0.3737004159655036,0,0,0.6262995840344965
18 - 34 Years,< 12 Years,"<= $75,000, Above Poverty",0.0,0.0,0.3599317597486605,0,0,0.6400682402513396
18 - 34 Years,< 12 Years,Below Poverty,1.0,0.0,0.7520733367107616,1,0,0.2479266632892384
65+ Years,Some College,"> $75,000",1.0,0.0,0.9486649337679741,1,1,0.05133506623202588
65+ Years,12 Years,"> $75,000",0.0,0.0,0.3737844262684665,0,0,0.6262155737315336
18 - 34 Years,12 Years,"<= $75,000, Above Poverty",0.0,0.0,0.04806335210722964,0,0,0.9519366478927703
65+ Years,12 Years,"<= $75,000, Above Poverty",1.0,0.0,0.756614815812531,1,0,0.24338518418746902
65+ Years,Some College,"<= $75,000, Above Poverty",0.0,0.0,0.1001493387052935,0,0,0.8998506612947065
18 - 34 Years,12 Years,"<= $75,000, Above Poverty",0.0,0.0,0.0997450994889114,0,0,0.9002549005110886
18 - 34 Years,12 Years,Below Poverty,1.0,0.0,0.7552041125459346,1,1,0.24479588745406544
55 - 64 Years,College Graduate,"<= $75,000, Above Poverty",0.0,1.0,0.6968584104002896,1,0,0.3031415895997104
55 - 64 Years,College Graduate,"<= $75,000, Above Poverty",0.0,0.0,0.22240189847295624,0,0,0.7775981015270438
35 - 44 Years,College Graduate,"> $75,000",1.0,1.0,0.9786306041280453,1,1,0.021369395871954744
45 - 54 Years,12 Years,Below Poverty,0.0,1.0,0.5848905489346125,1,0,0.41510945106538755
65+ Years,Some College,"<= $75,000, Above Poverty",0.0,0.0,0.3047682885824706,0,0,0.6952317114175294
35 - 44 Years,12 Years,"> $75,000",0.0,0.0,0.1252120914754506,0,0,0.8747879085245494
65+ Years,Some College,Below Poverty,0.0,0.0,0.33268754368058157,0,0,0.6673124563194184
55 - 64 Years,12 Years,"<= $75,000, Above Poverty",0.0,0.0,0.3406898096922405,0,0,0.6593101903077595
18 - 34 Years,< 12 Years,"> $75,000",1.0,0.0,0.8065490896943505,1,1,0.19345091030564954
65+ Years,12 Years,"<= $75,000, Above Poverty",0.0,0.0,0.41063969606994283,1,0,0.5893603039300572
45 - 54 Years,Some College,"<= $75,000, Above Poverty",0.0,1.0,0.47008991291808805,1,0,0.529910087081912
45 - 54 Years,College Graduate,"> $75,000",0.0,0.0,0.3980219236929847,0,0,0.6019780763070153
18 - 34 Years,12 Years,Below Poverty,0.0,0.0,0.1399562081855076,0,0,0.8600437918144924
18 - 34 Years,12 Years,"<= $75,000, Above Poverty",0.0,0.0,0.4152281083742714,1,0,0.5847718916257286
65+ Years,< 12 Years,"<= $75,000, Above Poverty",0.0,0.0,0.19201934586470815,0,0,0.8079806541352919
65+ Years,College Graduate,"<= $75,000, Above Poverty",1.0,0.0,0.8883120386470585,1,0,0.11168796135294146
45 - 54 Years,12 Years,"<= $75,000, Above Poverty",0.0,0.0,0.3835935713863877,0,0,0.6164064286136123
35 - 44 Years,College Graduate,"> $75,000",0.0,0.0,0.3004312396889847,0,0,0.6995687603110152
65+ Years,College Graduate,"<= $75,000, Above Poverty",0.0,0.0,0.29099994637675314,0,0,0.7090000536232468
45 - 54 Years,College Graduate,"<= $75,000, Above Poverty",0.0,0.0,0.2614226504488064,0,0,0.7385773495511936
18 - 34 Years,Some College,Below Poverty,0.0,0.0,0.08003390178062102,0,0,0.919966098219379
65+ Years,12 Years,"<= $75,000, Above Poverty",0.0,0.0,0.4303895697285654,1,0,0.5696104302714347
55 - 64 Years,College Graduate,"> $75,000",0.0,0.0,0.2505914748149229,0,0,0.7494085251850771
35 - 44 Years,Some College,"<= $75,000, Above Poverty",0.0,0.0,0.14767686119205273,0,0,0.8523231388079473
18 - 34 Years,College Graduate,"<= $75,000, Above Poverty",0.0,0.0,0.18380900159867328,0,0,0.8161909984013267
18 - 34 Years,12 Years,Below Poverty,0.0,0.0,0.342772082100862,0,0,0.657227917899138
55 - 64 Years,< 12 Years,Below Poverty,0.0,0.0,0.4186675664949601,1,0,0.5813324335050398
55 - 64 Years,< 12 Years,"<= $75,000, Above Poverty",0.0,0.0,0.5817161115114713,1,0,0.4182838884885287
45 - 54 Years,College Graduate,"<= $75,000, Above Poverty",0.0,0.0,0.3758477355908067,0,0,0.6241522644091932
65+ Years,College Graduate,"<= $75,000, Above Poverty",0.0,0.0,0.6296609023697584,1,0,0.37033909763024164
65+ Years,< 12 Years,"<= $75,000, Above Poverty",0.0,0.0,0.2625658940082587,0,0,0.7374341059917413
35 - 44 Years,College Graduate,"<= $75,000, Above Poverty",0.0,0.0,0.2563828793044124,0,0,0.7436171206955876
18 - 34 Years,College Graduate,"> $75,000",1.0,0.0,0.7270165524721347,1,1,0.2729834475278653
65+ Years,College Graduate,"<= $75,000, Above Poverty",0.0,0.0,0.2502826215616084,0,0,0.7497173784383916
35 - 44 Years,College Graduate,"<= $75,000, Above Poverty",0.0,1.0,0.405988257237866,1,0,0.594011742762134
45 - 54 Years,12 Years,"<= $75,000, Above Poverty",0.0,1.0,0.731297305736189,1,0,0.268702694263811
35 - 44 Years,College Graduate,"> $75,000",0.0,1.0,0.6912124390562023,1,0,0.30878756094379767
65+ Years,< 12 Years,"<= $75,000, Above Poverty",0.0,0.0,0.18558053385910125,0,0,0.8144194661408988
65+ Years,Some College,"<= $75,000, Above Poverty",0.0,0.0,0.38411252861784356,0,0,0.6158874713821565
45 - 54 Years,Some College,"<= $75,000, Above Poverty",0.0,0.0,0.18022839134640053,0,0,0.8197716086535994
65+ Years,College Graduate,"<= $75,000, Above Poverty",0.0,0.0,0.4214592841745563,1,1,0.5785407158254436
45 - 54 Years,Some College,"<= $75,000, Above Poverty",0.0,0.0,0.45028084180076405,1,0,0.549719158199236
55 - 64 Years,College Graduate,"<= $75,000, Above Poverty",0.0,0.0,0.3961279305886729,0,1,0.6038720694113271
65+ Years,12 Years,"<= $75,000, Above Poverty",0.0,0.0,0.27416040191388724,0,0,0.7258395980861128
55 - 64 Years,College Graduate,"<= $75,000, Above Poverty",0.0,0.0,0.3814676689806294,0,0,0.6185323310193707
55 - 64 Years,< 12 Years,"<= $75,000, Above Poverty",0.0,0.0,0.13598612312459216,0,0,0.8640138768754079
65+ Years,College Graduate,"> $75,000",0.0,0.0,0.07750271770431702,0,0,0.922497282295683
55 - 64 Years,Some College,"<= $75,000, Above Poverty",0.0,0.0,0.31496641628522826,0,0,0.6850335837147717
65+ Years,Some College,"<= $75,000, Above Poverty",0.0,0.0,0.08146403979129832,0,0,0.9185359602087017
55 - 64 Years,12 Years,"<= $75,000, Above Poverty",1.0,0.0,0.7556811666604436,1,1,0.2443188333395564
55 - 64 Years,Some College,"<= $75,000, Above Poverty",0.0,0.0,0.4267719264452626,1,1,0.5732280735547375
45 - 54 Years,College Graduate,"> $75,000",0.0,0.0,0.5012773725083626,1,0,0.4987226274916374
45 - 54 Years,12 Years,"> $75,000",0.0,0.0,0.4044954688299605,1,0,0.5955045311700395
65+ Years,College Graduate,"<= $75,000, Above Poverty",1.0,1.0,0.9356692555204967,1,1,0.06433074447950327
18 - 34 Years,College Graduate,"<= $75,000, Above Poverty",0.0,0.0,0.27253814096893647,0,0,0.7274618590310635
35 - 44 Years,Some College,"<= $75,000, Above Poverty",0.0,0.0,0.18794648788676524,0,0,0.8120535121132347
18 - 34 Years,College Graduate,"> $75,000",1.0,0.0,0.7553468818948051,1,0,0.24465311810519486
35 - 44 Years,College Graduate,"<= $75,000, Above Poverty",0.0,0.0,0.11381186435922715,0,0,0.8861881356407728
55 - 64 Years,College Graduate,"<= $75,000, Above Poverty",0.0,0.0,0.34853269402681214,0,1,0.6514673059731879
35 - 44 Years,College Graduate,"> $75,000",1.0,0.0,0.588532676265094,1,1,0.411467323734906
35 - 44 Years,Some College,"<= $75,000, Above Poverty",0.0,0.0,0.4161068305352364,1,0,0.5838931694647636
18 - 34 Years,College Graduate,"<= $75,000, Above Poverty",1.0,1.0,0.7641976153160855,1,0,0.23580238468391446
45 - 54 Years,College Graduate,"> $75,000",1.0,0.0,0.6695557590437143,1,1,0.33044424095628566
55 - 64 Years,College Graduate,"> $75,000",0.0,0.0,0.13677105836128708,0,0,0.8632289416387129
18 - 34 Years,College Graduate,"> $75,000",0.0,0.0,0.2187330954134637,0,0,0.7812669045865364
65+ Years,12 Years,"<= $75,000, Above Poverty",0.0,0.0,0.2965535117660932,0,0,0.7034464882339069
65+ Years,College Graduate,"<= $75,000, Above Poverty",0.0,0.0,0.25103492562326013,0,0,0.7489650743767399
18 - 34 Years,College Graduate,"> $75,000",1.0,0.0,0.8729453709947762,1,0,0.1270546290052238
45 - 54 Years,Some College,"> $75,000",0.0,1.0,0.8006851357713889,1,1,0.1993148642286111
65+ Years,College Graduate,"<= $75,000, Above Poverty",0.0,0.0,0.1694473735443362,0,0,0.8305526264556637
55 - 64 Years,Some College,"<= $75,000, Above Poverty",0.0,0.0,0.46372828499615254,1,0,0.5362717150038474
35 - 44 Years,College Graduate,"<= $75,000, Above Poverty",0.0,0.0,0.29129694727301303,0,0,0.708703052726987
65+ Years,< 12 Years,"<= $75,000, Above Poverty",0.0,0.0,0.17614513633191592,0,0,0.823854863668084
18 - 34 Years,College Graduate,"> $75,000",0.0,0.0,0.33064945648914085,0,0,0.6693505435108591
65+ Years,12 Years,"<= $75,000, Above Poverty",0.0,0.0,0.2729684780665139,0,0,0.7270315219334861
65+ Years,College Graduate,"<= $75,000, Above Poverty",0.0,0.0,0.5235557111578582,1,0,0.47644428884214185
18 - 34 Years,Some College,"> $75,000",1.0,1.0,0.9747260446196352,1,1,0.02527395538036481
45 - 54 Years,Some College,"> $75,000",1.0,1.0,0.8064099981698634,1,1,0.19359000183013664
65+ Years,< 12 Years,Below Poverty,0.0,0.0,0.3268660722002803,0,0,0.6731339277997197
65+ Years,College Graduate,"<= $75,000, Above Poverty",0.0,0.0,0.2715751770644721,0,0,0.7284248229355279
35 - 44 Years,College Graduate,"> $75,000",1.0,0.0,0.7136482082567912,1,0,0.2863517917432088
18 - 34 Years,12 Years,Below Poverty,1.0,0.0,0.5857386266023203,1,0,0.41426137339767966
18 - 34 Years,12 Years,"<= $75,000, Above Poverty",0.0,0.0,0.40379410094610313,1,0,0.5962058990538969
55 - 64 Years,College Graduate,"> $75,000",1.0,1.0,0.9745759987752776,1,1,0.025424001224722437
45 - 54 Years,< 12 Years,"<= $75,000, Above Poverty",0.0,0.0,0.21035653539687826,0,0,0.7896434646031217
35 - 44 Years,College Graduate,"> $75,000",0.0,0.0,0.3357665613590152,0,1,0.6642334386409847
65+ Years,12 Years,"<= $75,000, Above Poverty",0.0,0.0,0.36626109237849325,0,1,0.6337389076215068
65+ Years,12 Years,"<= $75,000, Above Poverty",1.0,0.0,0.37072902595740437,0,0,0.6292709740425957
55 - 64 Years,College Graduate,"<= $75,000, Above Poverty",0.0,0.0,0.487594743421048,1,0,0.512405256578952
65+ Years,Some College,"<= $75,000, Above Poverty",0.0,0.0,0.4384995205506513,1,0,0.5615004794493488
55 - 64 Years,College Graduate,"<= $75,000, Above Poverty",0.0,1.0,0.605780316977578,1,0,0.39421968302242205
35 - 44 Years,College Graduate,"<= $75,000, Above Poverty",0.0,0.0,0.0447568756928,0,0,0.9552431243072
18 - 34 Years,Some College,"<= $75,000, Above Poverty",0.0,0.0,0.28164706945324147,0,0,0.7183529305467585
35 - 44 Years,Some College,Below Poverty,0.0,0.0,0.157979469544357,0,0,0.842020530455643
65+ Years,Some College,"<= $75,000, Above Poverty",0.0,0.0,0.17764136736882394,0,0,0.822358632631176
65+ Years,Some College,"<= $75,000, Above Poverty",0.0,0.0,0.39121210954391494,0,0,0.6087878904560851
65+ Years,Some College,Below Poverty,0.0,0.0,0.23194090126378425,0,0,0.7680590987362157
18 - 34 Years,< 12 Years,"<= $75,000, Above Poverty",0.0,0.0,0.2929313631199205,0,0,0.7070686368800795
55 - 64 Years,12 Years,"<= $75,000, Above Poverty",1.0,0.0,0.8467663751749461,1,1,0.15323362482505387
18 - 34 Years,12 Years,Below Poverty,0.0,0.0,0.5117266550158664,1,0,0.48827334498413355
45 - 54 Years,Some College,"<= $75,000, Above Poverty",0.0,0.0,0.3101735131418516,0,0,0.6898264868581484
18 - 34 Years,< 12 Years,Below Poverty,0.0,0.0,0.1124200549654231,0,0,0.8875799450345769
65+ Years,< 12 Years,"<= $75,000, Above Poverty",0.0,0.0,0.20597578835699526,0,0,0.7940242116430047
45 - 54 Years,Some College,"<= $75,000, Above Poverty",0.0,0.0,0.1548710849662468,0,0,0.8451289150337532
55 - 64 Years,12 Years,"<= $75,000, Above Poverty",1.0,0.0,0.9375817200750407,1,1,0.0624182799249593
65+ Years,12 Years,"<= $75,000, Above Poverty",1.0,0.0,0.8937283434394302,1,1,0.1062716565605698
65+ Years,Some College,"<= $75,000, Above Poverty",1.0,0.0,0.9469541983399037,1,1,0.053045801660096314
65+ Years,Some College,"<= $75,000, Above Poverty",0.0,0.0,0.24301323057570648,0,0,0.7569867694242935
65+ Years,College Graduate,"<= $75,000, Above Poverty",0.0,0.0,0.29653749619745284,0,0,0.7034625038025472
45 - 54 Years,< 12 Years,"<= $75,000, Above Poverty",0.0,0.0,0.08174915971921341,0,0,0.9182508402807866
18 - 34 Years,College Graduate,"> $75,000",0.0,0.0,0.3903942571450699,0,0,0.6096057428549301
65+ Years,12 Years,"<= $75,000, Above Poverty",0.0,0.0,0.062368344621113354,0,0,0.9376316553788866
45 - 54 Years,12 Years,"> $75,000",0.0,0.0,0.10613354286074109,0,0,0.8938664571392589
45 - 54 Years,< 12 Years,"<= $75,000, Above Poverty",0.0,0.0,0.10177372707804754,0,0,0.8982262729219525
45 - 54 Years,College Graduate,"> $75,000",0.0,1.0,0.5626658923067216,1,0,0.4373341076932784
18 - 34 Years,12 Years,"<= $75,000, Above Poverty",0.0,0.0,0.204665046118562,0,0,0.795334953881438
45 - 54 Years,College Graduate,"> $75,000",0.0,0.0,0.4114346418069035,1,0,0.5885653581930965
18 - 34 Years,< 12 Years,Below Poverty,1.0,0.0,0.7842937912153845,1,1,0.21570620878461555
55 - 64 Years,< 12 Years,"<= $75,000, Above Poverty",1.0,0.0,0.7996866874229284,1,0,0.20031331257707163
55 - 64 Years,Some College,Below Poverty,0.0,0.0,0.22646521651563453,0,0,0.7735347834843654
65+ Years,12 Years,"<= $75,000, Above Poverty",0.0,0.0,0.29401018215065716,0,0,0.7059898178493429
65+ Years,12 Years,"<= $75,000, Above Poverty",0.0,0.0,0.36654367970524165,0,0,0.6334563202947583
65+ Years,Some College,"<= $75,000, Above Poverty",0.0,0.0,0.5114287417007691,1,0,0.48857125829923087
65+ Years,12 Years,"<= $75,000, Above Poverty",0.0,0.0,0.34319146107632226,0,1,0.6568085389236777
18 - 34 Years,College Graduate,"> $75,000",0.0,1.0,0.6715290703522473,1,0,0.3284709296477527
18 - 34 Years,College Graduate,Below Poverty,0.0,0.0,0.42788533925627575,1,0,0.5721146607437242
55 - 64 Years,College Graduate,"> $75,000",0.0,0.0,0.2900380523045822,0,0,0.7099619476954178
45 - 54 Years,College Graduate,"> $75,000",1.0,1.0,0.9093877665417021,1,1,0.09061223345829794
45 - 54 Years,College Graduate,"<= $75,000, Above Poverty",0.0,0.0,0.5229260738674681,1,0,0.47707392613253186
55 - 64 Years,College Graduate,"<= $75,000, Above Poverty",0.0,0.0,0.39944062612800646,0,0,0.6005593738719935
35 - 44 Years,Some College,Below Poverty,0.0,0.0,0.05644379498835676,0,0,0.9435562050116433
45 - 54 Years,12 Years,"<= $75,000, Above Poverty",1.0,0.0,0.6325506919358328,1,0,0.3674493080641672
55 - 64 Years,College Graduate,"> $75,000",0.0,0.0,0.22472692788569543,0,0,0.7752730721143046
65+ Years,College Graduate,"<= $75,000, Above Poverty",0.0,0.0,0.13481954669268506,0,0,0.865180453307315
45 - 54 Years,College Graduate,"<= $75,000, Above Poverty",0.0,0.0,0.27857192581446694,0,0,0.721428074185533
55 - 64 Years,Some College,"<= $75,000, Above Poverty",0.0,0.0,0.34409162706535346,0,0,0.6559083729346465
65+ Years,Some College,"<= $75,000, Above Poverty",0.0,0.0,0.48864841016567523,1,0,0.5113515898343248
55 - 64 Years,College Graduate,"> $75,000",0.0,0.0,0.521100582349246,1,0,0.47889941765075394
55 - 64 Years,College Graduate,"<= $75,000, Above Poverty",0.0,0.0,0.36282161519063066,0,0,0.6371783848093693
65+ Years,12 Years,"<= $75,000, Above Poverty",1.0,0.0,0.860850068181906,1,1,0.13914993181809399
18 - 34 Years,Some College,Below Poverty,0.0,0.0,0.17741770250979702,0,0,0.822582297490203
18 - 34 Years,College Graduate,Below Poverty,0.0,0.0,0.2407666658640864,0,0,0.7592333341359137
45 - 54 Years,Some College,"<= $75,000, Above Poverty",1.0,0.0,0.420272817933027,1,0,0.5797271820669729
45 - 54 Years,Some College,"> $75,000",0.0,0.0,0.3180663548292716,0,0,0.6819336451707284
18 - 34 Years,< 12 Years,Below Poverty,0.0,0.0,0.32727258271068477,0,0,0.6727274172893152
55 - 64 Years,College Graduate,"<= $75,000, Above Poverty",1.0,1.0,0.9757939328914472,1,1,0.024206067108552776
65+ Years,College Graduate,"<= $75,000, Above Poverty",0.0,0.0,0.5162815986866761,1,1,0.4837184013133239
18 - 34 Years,Some College,"<= $75,000, Above Poverty",1.0,0.0,0.8694681342061371,1,1,0.1305318657938629
18 - 34 Years,College Graduate,"> $75,000",0.0,1.0,0.6595942777683699,1,0,0.3404057222316301
18 - 34 Years,12 Years,Below Poverty,0.0,0.0,0.2523303146732211,0,0,0.7476696853267789
45 - 54 Years,College Graduate,"<= $75,000, Above Poverty",0.0,0.0,0.2592121905440509,0,0,0.740787809455949
55 - 64 Years,12 Years,"<= $75,000, Above Poverty",0.0,0.0,0.38554767276206015,0,0,0.6144523272379399
55 - 64 Years,12 Years,"<= $75,000, Above Poverty",0.0,0.0,0.3886215078178374,0,0,0.6113784921821626
18 - 34 Years,College Graduate,"> $75,000",0.0,0.0,0.12483932551447216,0,0,0.8751606744855278
18 - 34 Years,College Graduate,"<= $75,000, Above Poverty",0.0,0.0,0.0878372510193162,0,0,0.9121627489806838
18 - 34 Years,< 12 Years,Below Poverty,0.0,0.0,0.5158920242518087,1,0,0.4841079757481913
45 - 54 Years,College Graduate,"> $75,000",0.0,0.0,0.1867768318330546,0,0,0.8132231681669454
45 - 54 Years,College Graduate,"<= $75,000, Above Poverty",0.0,0.0,0.23466983474785044,0,1,0.7653301652521496
65+ Years,College Graduate,"<= $75,000, Above Poverty",0.0,0.0,0.585773125525508,1,0,0.414226874474492
35 - 44 Years,Some College,"<= $75,000, Above Poverty",0.0,0.0,0.06900218314174053,0,0,0.9309978168582594
45 - 54 Years,College Graduate,"> $75,000",0.0,0.0,0.44857125606633413,1,0,0.5514287439336658
18 - 34 Years,College Graduate,"> $75,000",0.0,0.0,0.24741849349231676,0,0,0.7525815065076833
65+ Years,< 12 Years,"<= $75,000, Above Poverty",0.0,0.0,0.30780837195613714,0,0,0.6921916280438629
65+ Years,Some College,"> $75,000",0.0,0.0,0.3830081484364277,0,0,0.6169918515635723
55 - 64 Years,12 Years,"<= $75,000, Above Poverty",0.0,0.0,0.3148865626241393,0,1,0.6851134373758607
35 - 44 Years,College Graduate,"<= $75,000, Above Poverty",1.0,0.0,0.7418929517554692,1,0,0.2581070482445308
55 - 64 Years,College Graduate,"> $75,000",0.0,0.0,0.6318671131367933,1,0,0.36813288686320667
18 - 34 Years,12 Years,Below Poverty,0.0,0.0,0.45592754633655463,1,0,0.5440724536634454
35 - 44 Years,12 Years,"<= $75,000, Above Poverty",0.0,0.0,0.1522956158382261,0,0,0.847704384161774
65+ Years,Some College,"<= $75,000, Above Poverty",0.0,0.0,0.4851824914431765,1,0,0.5148175085568235
35 - 44 Years,Some College,Below Poverty,0.0,0.0,0.15661678963970657,0,0,0.8433832103602934
45 - 54 Years,12 Years,"<= $75,000, Above Poverty",0.0,0.0,0.4784788205673608,1,0,0.5215211794326392
35 - 44 Years,College Graduate,"<= $75,000, Above Poverty",0.0,0.0,0.29220950534232093,0,0,0.7077904946576791
18 - 34 Years,College Graduate,"<= $75,000, Above Poverty",0.0,0.0,0.3898799864601566,0,1,0.6101200135398435
18 - 34 Years,12 Years,"<= $75,000, Above Poverty",1.0,0.0,0.6906614728787046,1,1,0.3093385271212954
35 - 44 Years,College Graduate,"> $75,000",0.0,0.0,0.2915942571774218,0,0,0.7084057428225782
65+ Years,Some College,"<= $75,000, Above Poverty",0.0,0.0,0.6206507914051831,1,1,0.3793492085948169
55 - 64 Years,College Graduate,Below Poverty,0.0,0.0,0.457215204180104,1,0,0.542784795819896
45 - 54 Years,12 Years,"> $75,000",0.0,0.0,0.2532320786161539,0,1,0.7467679213838461
55 - 64 Years,12 Years,"<= $75,000, Above Poverty",0.0,0.0,0.3166083644007312,0,0,0.6833916355992689
55 - 64 Years,College Graduate,"<= $75,000, Above Poverty",0.0,0.0,0.33529841868431376,0,0,0.6647015813156862
45 - 54 Years,College Graduate,"<= $75,000, Above Poverty",0.0,0.0,0.15048786730304722,0,0,0.8495121326969528
35 - 44 Years,College Graduate,"> $75,000",0.0,0.0,0.10003218704346399,0,0,0.899967812956536
35 - 44 Years,College Graduate,"<= $75,000, Above Poverty",0.0,0.0,0.2580135294820449,0,0,0.7419864705179551
55 - 64 Years,12 Years,"> $75,000",0.0,0.0,0.4293777376474207,1,0,0.5706222623525793
35 - 44 Years,College Graduate,"> $75,000",0.0,0.0,0.487938136341009,1,0,0.512061863658991
45 - 54 Years,College Graduate,"> $75,000",0.0,1.0,0.8545395527196189,1,1,0.1454604472803811
18 - 34 Years,12 Years,Below Poverty,0.0,0.0,0.197904410709211,0,0,0.8020955892907891
45 - 54 Years,< 12 Years,"<= $75,000, Above Poverty",0.0,0.0,0.21190763243577737,0,0,0.7880923675642226
35 - 44 Years,College Graduate,"<= $75,000, Above Poverty",0.0,0.0,0.1701577336739574,0,0,0.8298422663260426
35 - 44 Years,College Graduate,"> $75,000",1.0,1.0,0.8613550462424399,1,0,0.13864495375756014
45 - 54 Years,College Graduate,"> $75,000",0.0,1.0,0.7228418688371827,1,1,0.2771581311628173
65+ Years,12 Years,"<= $75,000, Above Poverty",0.0,0.0,0.20244579638258328,0,0,0.7975542036174167
45 - 54 Years,12 Years,Below Poverty,0.0,0.0,0.05361339323034884,0,0,0.9463866067696511
35 - 44 Years,Some College,"> $75,000",1.0,0.0,0.8329203596880757,1,1,0.16707964031192435
45 - 54 Years,College Graduate,"<= $75,000, Above Poverty",0.0,0.0,0.39170450178640354,0,0,0.6082954982135964
65+ Years,Some College,"> $75,000",0.0,0.0,0.18041981556346665,0,0,0.8195801844365334
55 - 64 Years,College Graduate,"<= $75,000, Above Poverty",1.0,1.0,0.935554254123228,1,1,0.06444574587677199
35 - 44 Years,College Graduate,"> $75,000",0.0,0.0,0.3551450040451392,0,0,0.6448549959548608
18 - 34 Years,Some College,Below Poverty,0.0,0.0,0.13277852729867573,0,0,0.8672214727013243
18 - 34 Years,< 12 Years,Below Poverty,1.0,0.0,0.7931639546096323,1,0,0.2068360453903677
55 - 64 Years,Some College,"<= $75,000, Above Poverty",0.0,0.0,0.3513400773608575,0,0,0.6486599226391425
65+ Years,12 Years,"<= $75,000, Above Poverty",0.0,0.0,0.2229200097481676,0,0,0.7770799902518324
35 - 44 Years,Some College,"<= $75,000, Above Poverty",0.0,0.0,0.40849657759903607,1,0,0.5915034224009639
45 - 54 Years,Some College,"<= $75,000, Above Poverty",1.0,0.0,0.8136775404519333,1,1,0.1863224595480667
45 - 54 Years,College Graduate,"> $75,000",0.0,0.0,0.44497999777327235,1,0,0.5550200022267276
65+ Years,College Graduate,"> $75,000",0.0,0.0,0.6574662630359859,1,0,0.3425337369640141
65+ Years,Some College,"<= $75,000, Above Poverty",0.0,1.0,0.6564246080476979,1,1,0.34357539195230213
65+ Years,College Graduate,"<= $75,000, Above Poverty",0.0,0.0,0.6387267779237218,1,1,0.3612732220762782
45 - 54 Years,12 Years,"<= $75,000, Above Poverty",1.0,0.0,0.774608868488328,1,1,0.225391131511672
55 - 64 Years,College Graduate,"<= $75,000, Above Poverty",0.0,0.0,0.26702121515992605,0,0,0.732978784840074
55 - 64 Years,Some College,"> $75,000",0.0,0.0,0.5307345498354689,1,0,0.46926545016453114
55 - 64 Years,Some College,"> $75,000",0.0,1.0,0.4411285676383546,1,0,0.5588714323616454
45 - 54 Years,College Graduate,"> $75,000",0.0,0.0,0.18506332039820061,0,0,0.8149366796017994
45 - 54 Years,College Graduate,"> $75,000",0.0,0.0,0.12705667604790452,0,0,0.8729433239520955
18 - 34 Years,College Graduate,"> $75,000",1.0,0.0,0.8539642550854547,1,1,0.1460357449145453
55 - 64 Years,College Graduate,"<= $75,000, Above Poverty",0.0,0.0,0.1586504496831331,0,0,0.8413495503168669
65+ Years,Some College,"<= $75,000, Above Poverty",0.0,0.0,0.26944554568565066,0,0,0.7305544543143494
45 - 54 Years,College Graduate,"<= $75,000, Above Poverty",0.0,0.0,0.23473107323657302,0,0,0.765268926763427
55 - 64 Years,College Graduate,"> $75,000",0.0,1.0,0.764242111614678,1,0,0.23575788838532197
18 - 34 Years,College Graduate,"<= $75,000, Above Poverty",0.0,0.0,0.25230735524840436,0,0,0.7476926447515957
65+ Years,College Graduate,"<= $75,000, Above Poverty",0.0,0.0,0.13255518074889555,0,0,0.8674448192511044
55 - 64 Years,12 Years,"<= $75,000, Above Poverty",1.0,0.0,0.6069058969537632,1,1,0.3930941030462368
65+ Years,< 12 Years,"<= $75,000, Above Poverty",0.0,0.0,0.20089124682222742,0,0,0.7991087531777725
35 - 44 Years,College Graduate,"<= $75,000, Above Poverty",0.0,0.0,0.2717132341319021,0,0,0.7282867658680978
55 - 64 Years,College Graduate,"> $75,000",0.0,0.0,0.6045924017745788,1,1,0.39540759822542115
55 - 64 Years,Some College,"<= $75,000, Above Poverty",0.0,0.0,0.7071854346942901,1,1,0.29281456530570993
65+ Years,Some College,"<= $75,000, Above Poverty",0.0,0.0,0.4999822653878283,1,0,0.5000177346121717
35 - 44 Years,Some College,"<= $75,000, Above Poverty",0.0,0.0,0.21040873374604277,0,0,0.7895912662539573
65+ Years,College Graduate,"<= $75,000, Above Poverty",0.0,0.0,0.4184741963158874,1,0,0.5815258036841127
55 - 64 Years,College Graduate,"> $75,000",1.0,0.0,0.9129110406253362,1,1,0.08708895937466377
35 - 44 Years,College Graduate,"<= $75,000, Above Poverty",0.0,1.0,0.4988509940899538,1,0,0.5011490059100462
55 - 64 Years,12 Years,"<= $75,000, Above Poverty",0.0,0.0,0.760538139234633,1,0,0.23946186076536702
45 - 54 Years,College Graduate,"> $75,000",0.0,1.0,0.7931609475164655,1,1,0.2068390524835345
55 - 64 Years,Some College,"> $75,000",0.0,0.0,0.1633444000781819,0,0,0.8366555999218181
45 - 54 Years,College Graduate,"<= $75,000, Above Poverty",1.0,1.0,0.9303580357202544,1,1,0.06964196427974556
45 - 54 Years,12 Years,"> $75,000",0.0,1.0,0.5191787864718496,1,0,0.48082121352815044
55 - 64 Years,College Graduate,Below Poverty,1.0,0.0,0.8928073274052861,1,1,0.10719267259471388
45 - 54 Years,Some College,"<= $75,000, Above Poverty",0.0,0.0,0.11119690553129101,0,0,0.888803094468709
45 - 54 Years,Some College,"<= $75,000, Above Poverty",0.0,0.0,0.22083200776314516,0,0,0.7791679922368548
18 - 34 Years,College Graduate,"<= $75,000, Above Poverty",0.0,0.0,0.25917786391395686,0,0,0.7408221360860432
45 - 54 Years,Some College,"<= $75,000, Above Poverty",0.0,0.0,0.30325000278087577,0,0,0.6967499972191242
65+ Years,College Graduate,"<= $75,000, Above Poverty",0.0,0.0,0.36787349635316263,0,0,0.6321265036468373
18 - 34 Years,Some College,Below Poverty,1.0,0.0,0.4279302248111747,1,0,0.5720697751888253
65+ Years,Some College,"<= $75,000, Above Poverty",0.0,0.0,0.13893889917629845,0,0,0.8610611008237016
65+ Years,12 Years,"<= $75,000, Above Poverty",0.0,0.0,0.27417588560260303,0,0,0.7258241143973969
55 - 64 Years,Some College,"<= $75,000, Above Poverty",0.0,0.0,0.21866427665623614,0,0,0.7813357233437639
55 - 64 Years,12 Years,"<= $75,000, Above Poverty",0.0,0.0,0.060486139229030414,0,0,0.9395138607709695
65+ Years,< 12 Years,Below Poverty,1.0,0.0,0.9270822066716701,1,1,0.07291779332832993
65+ Years,12 Years,"<= $75,000, Above Poverty",0.0,0.0,0.11764547071819828,0,0,0.8823545292818017
55 - 64 Years,College Graduate,"<= $75,000, Above Poverty",0.0,0.0,0.11464952426389384,0,0,0.8853504757361061
65+ Years,College Graduate,"<= $75,000, Above Poverty",1.0,0.0,0.6836451629038601,1,0,0.3163548370961399
35 - 44 Years,12 Years,"> $75,000",0.0,0.0,0.30862514511126143,0,0,0.6913748548887386
65+ Years,Some College,"<= $75,000, Above Poverty",0.0,0.0,0.4484123011352499,1,1,0.5515876988647501
55 - 64 Years,12 Years,"> $75,000",1.0,0.0,0.8217275422554781,1,1,0.17827245774452194
65+ Years,< 12 Years,"<= $75,000, Above Poverty",0.0,0.0,0.2828463321239656,0,0,0.7171536678760344
65+ Years,12 Years,"<= $75,000, Above Poverty",0.0,1.0,0.5840710811507295,1,0,0.4159289188492705
18 - 34 Years,College Graduate,"<= $75,000, Above Poverty",0.0,1.0,0.628382933830996,1,0,0.37161706616900403
45 - 54 Years,Some College,Below Poverty,0.0,0.0,0.07469760632677384,0,0,0.9253023936732262
45 - 54 Years,College Graduate,"<= $75,000, Above Poverty",0.0,0.0,0.18007502885839538,0,0,0.8199249711416046
35 - 44 Years,< 12 Years,"> $75,000",1.0,0.0,0.7767187998133428,1,0,0.2232812001866572
35 - 44 Years,College Graduate,"> $75,000",0.0,0.0,0.4987929709281655,1,0,0.5012070290718345
65+ Years,Some College,"<= $75,000, Above Poverty",0.0,0.0,0.3016265995924243,0,0,0.6983734004075757
35 - 44 Years,12 Years,"> $75,000",0.0,0.0,0.12919815398630102,0,0,0.870801846013699
65+ Years,12 Years,"<= $75,000, Above Poverty",0.0,0.0,0.3964202160859374,0,1,0.6035797839140626
35 - 44 Years,College Graduate,"<= $75,000, Above Poverty",0.0,0.0,0.13580169059277394,0,0,0.8641983094072261
55 - 64 Years,College Graduate,"> $75,000",0.0,1.0,0.8993138926434503,1,1,0.1006861073565497
55 - 64 Years,College Graduate,"> $75,000",0.0,0.0,0.40178986795289695,1,0,0.598210132047103
65+ Years,Some College,"> $75,000",0.0,0.0,0.25989890172617597,0,0,0.7401010982738241
18 - 34 Years,Some College,"> $75,000",0.0,1.0,0.6705693975390405,1,0,0.32943060246095945
55 - 64 Years,Some College,"<= $75,000, Above Poverty",0.0,0.0,0.1636231385102426,0,0,0.8363768614897574
18 - 34 Years,Some College,"> $75,000",1.0,1.0,0.8785676060985331,1,1,0.12143239390146687
35 - 44 Years,Some College,Below Poverty,1.0,0.0,0.5043146926201963,1,0,0.49568530737980365
65+ Years,< 12 Years,Below Poverty,0.0,0.0,0.4305633314722502,1,0,0.5694366685277499
65+ Years,College Graduate,"> $75,000",0.0,0.0,0.44513871766031554,1,0,0.5548612823396845
65+ Years,Some College,"<= $75,000, Above Poverty",0.0,0.0,0.2917438095284669,0,0,0.7082561904715331
55 - 64 Years,College Graduate,"<= $75,000, Above Poverty",0.0,0.0,0.3665534659269241,0,0,0.6334465340730759
35 - 44 Years,College Graduate,"<= $75,000, Above Poverty",1.0,1.0,0.8640984630693099,1,0,0.13590153693069007
45 - 54 Years,12 Years,"<= $75,000, Above Poverty",0.0,0.0,0.20943811179912422,0,1,0.7905618882008758
18 - 34 Years,College Graduate,"<= $75,000, Above Poverty",0.0,0.0,0.05288828620709159,0,0,0.9471117137929084
65+ Years,College Graduate,"> $75,000",0.0,1.0,0.6552317939517803,1,0,0.34476820604821967
65+ Years,Some College,"<= $75,000, Above Poverty",0.0,0.0,0.4581053415329803,1,0,0.5418946584670197
65+ Years,< 12 Years,"<= $75,000, Above Poverty",0.0,0.0,0.287986405647625,0,0,0.712013594352375
18 - 34 Years,College Graduate,Below Poverty,0.0,0.0,0.11942618216483217,0,0,0.8805738178351679
55 - 64 Years,Some College,Below Poverty,0.0,0.0,0.08830034318075991,0,0,0.9116996568192401
45 - 54 Years,Some College,"<= $75,000, Above Poverty",1.0,0.0,0.8863392037014731,1,0,0.11366079629852688
65+ Years,12 Years,"<= $75,000, Above Poverty",0.0,0.0,0.29657928508238673,0,0,0.7034207149176133
65+ Years,College Graduate,"> $75,000",0.0,0.0,0.33603798621837555,0,0,0.6639620137816244
35 - 44 Years,College Graduate,Below Poverty,0.0,0.0,0.20267342254776155,0,0,0.7973265774522384
65+ Years,12 Years,"<= $75,000, Above Poverty",0.0,1.0,0.47650386198941336,1,0,0.5234961380105867
45 - 54 Years,Some College,"<= $75,000, Above Poverty",0.0,0.0,0.13841077518662326,0,0,0.8615892248133767
65+ Years,Some College,"<= $75,000, Above Poverty",1.0,0.0,0.7061200485060329,1,0,0.29387995149396706
45 - 54 Years,Some College,"<= $75,000, Above Poverty",0.0,0.0,0.18463832783837622,0,0,0.8153616721616238
65+ Years,College Graduate,"<= $75,000, Above Poverty",0.0,0.0,0.4688110362535866,1,1,0.5311889637464133
65+ Years,12 Years,"> $75,000",0.0,0.0,0.37731230695815043,0,0,0.6226876930418496
45 - 54 Years,Some College,"<= $75,000, Above Poverty",0.0,0.0,0.11032012031738242,0,0,0.8896798796826175
18 - 34 Years,Some College,"<= $75,000, Above Poverty",0.0,0.0,0.4047128181933805,1,1,0.5952871818066194
65+ Years,College Graduate,"<= $75,000, Above Poverty",0.0,0.0,0.17725461779976148,0,0,0.8227453822002385
45 - 54 Years,Some College,"<= $75,000, Above Poverty",0.0,1.0,0.27116255574633447,0,0,0.7288374442536656
65+ Years,< 12 Years,"<= $75,000, Above Poverty",0.0,1.0,0.48974525877578273,1,0,0.5102547412242173
55 - 64 Years,College Graduate,"<= $75,000, Above Poverty",1.0,0.0,0.9291555998888198,1,1,0.0708444001111802
55 - 64 Years,College Graduate,"> $75,000",0.0,0.0,0.2848864465022558,0,1,0.7151135534977442
18 - 34 Years,Some College,"<= $75,000, Above Poverty",0.0,0.0,0.09653545799353833,0,0,0.9034645420064616
35 - 44 Years,College Graduate,"> $75,000",0.0,0.0,0.2201906622474002,0,0,0.7798093377525999
18 - 34 Years,Some College,Below Poverty,0.0,0.0,0.3781472183466646,0,0,0.6218527816533355
65+ Years,College Graduate,"> $75,000",0.0,0.0,0.527321442834798,1,0,0.472678557165202
65+ Years,College Graduate,"<= $75,000, Above Poverty",0.0,0.0,0.4414139272710453,1,1,0.5585860727289547
65+ Years,Some College,"<= $75,000, Above Poverty",0.0,0.0,0.4330092370812058,1,0,0.5669907629187942
18 - 34 Years,12 Years,"<= $75,000, Above Poverty",0.0,0.0,0.07755866598565646,0,0,0.9224413340143436
35 - 44 Years,Some College,"<= $75,000, Above Poverty",0.0,0.0,0.22804021004638086,0,0,0.7719597899536191
65+ Years,College Graduate,"<= $75,000, Above Poverty",1.0,0.0,0.8321430037311378,1,1,0.1678569962688622
35 - 44 Years,Some College,Below Poverty,0.0,0.0,0.34086561322108444,0,1,0.6591343867789156
55 - 64 Years,12 Years,"<= $75,000, Above Poverty",0.0,1.0,0.5366902063116671,1,1,0.4633097936883329
65+ Years,12 Years,"<= $75,000, Above Poverty",0.0,0.0,0.38175597570998776,0,0,0.6182440242900122
18 - 34 Years,Some College,"<= $75,000, Above Poverty",0.0,0.0,0.47903807957319383,1,1,0.5209619204268061
35 - 44 Years,College Graduate,"<= $75,000, Above Poverty",0.0,0.0,0.2546686811379671,0,0,0.745331318862033
45 - 54 Years,12 Years,"<= $75,000, Above Poverty",0.0,0.0,0.10601586343974778,0,0,0.8939841365602522
65+ Years,College Graduate,"> $75,000",0.0,0.0,0.7659897856220781,1,0,0.2340102143779219
65+ Years,12 Years,"<= $75,000, Above Poverty",0.0,0.0,0.3013419701685,0,0,0.6986580298314999
18 - 34 Years,College Graduate,"<= $75,000, Above Poverty",0.0,0.0,0.3098304934090028,0,0,0.6901695065909972
45 - 54 Years,College Graduate,"<= $75,000, Above Poverty",0.0,0.0,0.260538784869927,0,0,0.739461215130073
18 - 34 Years,12 Years,Below Poverty,1.0,1.0,0.5816341202326942,1,1,0.41836587976730577
65+ Years,Some College,"<= $75,000, Above Poverty",0.0,1.0,0.6132106895958074,1,0,0.3867893104041926
18 - 34 Years,Some College,"> $75,000",0.0,0.0,0.6246405675367691,1,0,0.3753594324632309
35 - 44 Years,12 Years,"> $75,000",0.0,0.0,0.1231515687425543,0,0,0.8768484312574457
45 - 54 Years,12 Years,"<= $75,000, Above Poverty",0.0,0.0,0.21463705965573637,0,0,0.7853629403442637
55 - 64 Years,12 Years,"<= $75,000, Above Poverty",0.0,0.0,0.3673578554948018,0,0,0.6326421445051982
18 - 34 Years,College Graduate,"<= $75,000, Above Poverty",0.0,0.0,0.3791372180901131,0,0,0.6208627819098869
65+ Years,College Graduate,"> $75,000",0.0,0.0,0.34636698501123686,0,0,0.6536330149887631
65+ Years,College Graduate,"> $75,000",0.0,0.0,0.4005946979517039,1,0,0.5994053020482961
18 - 34 Years,College Graduate,"<= $75,000, Above Poverty",0.0,0.0,0.5817758019521297,1,0,0.41822419804787025
65+ Years,Some College,"> $75,000",0.0,0.0,0.2297803816110003,0,0,0.7702196183889997
55 - 64 Years,College Graduate,"> $75,000",0.0,0.0,0.2539297348082585,0,0,0.7460702651917415
35 - 44 Years,College Graduate,"<= $75,000, Above Poverty",1.0,0.0,0.8546119572825229,1,1,0.14538804271747707
18 - 34 Years,< 12 Years,"<= $75,000, Above Poverty",1.0,0.0,0.8482479451895832,1,1,0.15175205481041676
18 - 34 Years,College Graduate,"<= $75,000, Above Poverty",0.0,0.0,0.30929281078235993,0,0,0.6907071892176401
65+ Years,12 Years,"<= $75,000, Above Poverty",1.0,0.0,0.6966388164657434,1,0,0.30336118353425656
35 - 44 Years,< 12 Years,Below Poverty,0.0,0.0,0.1784182106101768,0,0,0.8215817893898232
55 - 64 Years,College Graduate,"<= $75,000, Above Poverty",0.0,1.0,0.7421066671610167,1,1,0.2578933328389833
18 - 34 Years,Some College,"<= $75,000, Above Poverty",0.0,1.0,0.514867849046557,1,1,0.485132150953443
65+ Years,College Graduate,"> $75,000",0.0,0.0,0.3310103302313914,0,0,0.6689896697686086
55 - 64 Years,College Graduate,Below Poverty,0.0,0.0,0.4920069246979501,1,0,0.5079930753020498
18 - 34 Years,College Graduate,"> $75,000",0.0,0.0,0.38426119169368406,0,0,0.615738808306316
55 - 64 Years,Some College,"<= $75,000, Above Poverty",0.0,0.0,0.1300924534268979,0,0,0.8699075465731021
35 - 44 Years,College Graduate,"> $75,000",0.0,0.0,0.45740538950882415,1,0,0.5425946104911759
65+ Years,Some College,"<= $75,000, Above Poverty",0.0,0.0,0.2932776739763549,0,0,0.706722326023645
45 - 54 Years,12 Years,Below Poverty,0.0,0.0,0.3488496745553856,0,1,0.6511503254446144
65+ Years,College Graduate,"<= $75,000, Above Poverty",1.0,0.0,0.8442155924482427,1,0,0.15578440755175726
35 - 44 Years,College Graduate,"<= $75,000, Above Poverty",1.0,1.0,0.9741207994700058,1,1,0.02587920052999415
55 - 64 Years,College Graduate,"> $75,000",1.0,0.0,0.9583161155576088,1,1,0.04168388444239124
45 - 54 Years,Some College,Below Poverty,1.0,0.0,0.6273352716619246,1,0,0.3726647283380754
55 - 64 Years,12 Years,"<= $75,000, Above Poverty",0.0,0.0,0.2002153331741795,0,0,0.7997846668258205
65+ Years,College Graduate,"<= $75,000, Above Poverty",0.0,0.0,0.3687848818086241,0,1,0.6312151181913759
65+ Years,12 Years,"<= $75,000, Above Poverty",0.0,0.0,0.2415867822410775,0,0,0.7584132177589225
35 - 44 Years,Some College,"<= $75,000, Above Poverty",0.0,0.0,0.10248996324222541,0,0,0.8975100367577746
18 - 34 Years,< 12 Years,"> $75,000",0.0,0.0,0.4714341007679573,1,0,0.5285658992320428
55 - 64 Years,College Graduate,"<= $75,000, Above Poverty",0.0,0.0,0.3789519645228006,0,0,0.6210480354771994
18 - 34 Years,College Graduate,"> $75,000",0.0,0.0,0.22300037732782488,0,0,0.7769996226721751
18 - 34 Years,< 12 Years,Below Poverty,1.0,0.0,0.9117625785890143,1,0,0.08823742141098567
65+ Years,College Graduate,"<= $75,000, Above Poverty",0.0,0.0,0.35013234635067275,0,0,0.6498676536493273
55 - 64 Years,College Graduate,"<= $75,000, Above Poverty",1.0,0.0,0.9399931040661559,1,1,0.06000689593384412
65+ Years,Some College,"<= $75,000, Above Poverty",0.0,0.0,0.17619021632316303,0,0,0.823809783676837
65+ Years,12 Years,"<= $75,000, Above Poverty",0.0,0.0,0.3303280617768595,0,0,0.6696719382231404
45 - 54 Years,Some College,"<= $75,000, Above Poverty",0.0,0.0,0.11541445067922905,0,0,0.8845855493207709
65+ Years,College Graduate,"> $75,000",0.0,0.0,0.4952444174505842,1,0,0.5047555825494159
35 - 44 Years,Some College,"<= $75,000, Above Poverty",1.0,0.0,0.26713856840316874,0,0,0.7328614315968313
65+ Years,< 12 Years,"<= $75,000, Above Poverty",0.0,0.0,0.3683048154369984,0,1,0.6316951845630017
45 - 54 Years,12 Years,"<= $75,000, Above Poverty",0.0,0.0,0.24107709105452924,0,0,0.7589229089454708
35 - 44 Years,12 Years,"<= $75,000, Above Poverty",0.0,0.0,0.14649151090257906,0,0,0.8535084890974209
55 - 64 Years,Some College,"<= $75,000, Above Poverty",0.0,0.0,0.16781509510432066,0,0,0.8321849048956793
55 - 64 Years,College Graduate,"> $75,000",0.0,0.0,0.6455516806952807,1,1,0.3544483193047193
18 - 34 Years,College Graduate,"> $75,000",0.0,1.0,0.7307150010398552,1,0,0.2692849989601448
35 - 44 Years,12 Years,"> $75,000",0.0,0.0,0.307896754006462,0,0,0.692103245993538
55 - 64 Years,College Graduate,"> $75,000",0.0,0.0,0.3986448158363925,0,0,0.6013551841636076
65+ Years,College Graduate,"<= $75,000, Above Poverty",0.0,0.0,0.4214592841745563,1,0,0.5785407158254436
65+ Years,Some College,"<= $75,000, Above Poverty",1.0,0.0,0.860560522743949,1,1,0.139439477256051
18 - 34 Years,College Graduate,"> $75,000",1.0,0.0,0.5689689332401139,1,1,0.4310310667598861
65+ Years,College Graduate,"> $75,000",0.0,0.0,0.762081979916587,1,1,0.237918020083413
18 - 34 Years,Some College,Below Poverty,1.0,0.0,0.5049956685875847,1,0,0.4950043314124153
65+ Years,College Graduate,"<= $75,000, Above Poverty",0.0,0.0,0.1782592617532504,0,0,0.8217407382467496
18 - 34 Years,College Graduate,"<= $75,000, Above Poverty",0.0,0.0,0.46736776218556986,1,0,0.5326322378144301
45 - 54 Years,College Graduate,"<= $75,000, Above Poverty",0.0,0.0,0.3524231297881827,0,0,0.6475768702118173
65+ Years,< 12 Years,"<= $75,000, Above Poverty",0.0,0.0,0.43689046491834854,1,0,0.5631095350816515
55 - 64 Years,12 Years,Below Poverty,1.0,0.0,0.9536655447496806,1,1,0.04633445525031943
18 - 34 Years,College Graduate,Below Poverty,0.0,0.0,0.4092646804155115,1,0,0.5907353195844884
55 - 64 Years,College Graduate,"> $75,000",0.0,0.0,0.7312093781815437,1,0,0.26879062181845625
35 - 44 Years,College Graduate,"> $75,000",0.0,1.0,0.5439911710659362,1,0,0.4560088289340638
45 - 54 Years,College Graduate,"> $75,000",0.0,0.0,0.1868531192924423,0,0,0.8131468807075577
65+ Years,College Graduate,"<= $75,000, Above Poverty",0.0,0.0,0.4367040717091906,1,1,0.5632959282908094
55 - 64 Years,Some College,"<= $75,000, Above Poverty",0.0,0.0,0.5248879447190355,1,0,0.47511205528096445
45 - 54 Years,12 Years,Below Poverty,0.0,0.0,0.2762506179558609,0,0,0.7237493820441391
55 - 64 Years,Some College,"<= $75,000, Above Poverty",0.0,0.0,0.30105032096716067,0,0,0.6989496790328393
55 - 64 Years,College Graduate,"<= $75,000, Above Poverty",1.0,0.0,0.9414401100106318,1,1,0.05855988998936823
35 - 44 Years,College Graduate,"<= $75,000, Above Poverty",0.0,0.0,0.12755670888190915,0,0,0.8724432911180908
45 - 54 Years,< 12 Years,"> $75,000",0.0,0.0,0.5205912012140149,1,0,0.4794087987859851
65+ Years,12 Years,"<= $75,000, Above Poverty",0.0,0.0,0.2634943993757709,0,0,0.7365056006242291
45 - 54 Years,College Graduate,"> $75,000",0.0,0.0,0.4569099375644186,1,0,0.5430900624355814
55 - 64 Years,College Graduate,"<= $75,000, Above Poverty",1.0,0.0,0.8621347876489689,1,1,0.1378652123510311
65+ Years,College Graduate,"<= $75,000, Above Poverty",0.0,0.0,0.577103855828403,1,1,0.42289614417159704
55 - 64 Years,Some College,"<= $75,000, Above Poverty",0.0,0.0,0.0897094863318699,0,0,0.9102905136681301
55 - 64 Years,Some College,"<= $75,000, Above Poverty",0.0,1.0,0.757492602297477,1,0,0.24250739770252305
55 - 64 Years,College Graduate,"<= $75,000, Above Poverty",0.0,0.0,0.06546957508673022,0,0,0.9345304249132698
35 - 44 Years,< 12 Years,"<= $75,000, Above Poverty",0.0,1.0,0.6621068194120382,1,0,0.3378931805879618
45 - 54 Years,College Graduate,"> $75,000",1.0,1.0,0.9838061017613798,1,1,0.016193898238620164
18 - 34 Years,College Graduate,Below Poverty,0.0,0.0,0.30875466217691827,0,0,0.6912453378230817
45 - 54 Years,College Graduate,"<= $75,000, Above Poverty",1.0,0.0,0.5435989864561563,1,1,0.45640101354384366
35 - 44 Years,Some College,"<= $75,000, Above Poverty",0.0,0.0,0.1802685429043381,0,0,0.8197314570956619
35 - 44 Years,12 Years,"<= $75,000, Above Poverty",0.0,0.0,0.28472333109828146,0,0,0.7152766689017185
65+ Years,Some College,"> $75,000",0.0,0.0,0.39358978982513304,0,0,0.606410210174867
35 - 44 Years,Some College,"<= $75,000, Above Poverty",0.0,0.0,0.2772710238396996,0,0,0.7227289761603004
65+ Years,12 Years,"<= $75,000, Above Poverty",0.0,0.0,0.14726738736073705,0,0,0.8527326126392629
55 - 64 Years,Some College,"<= $75,000, Above Poverty",0.0,0.0,0.27323995475999885,0,0,0.7267600452400012
35 - 44 Years,College Graduate,"<= $75,000, Above Poverty",0.0,0.0,0.25847700952990976,0,0,0.7415229904700902
18 - 34 Years,12 Years,"<= $75,000, Above Poverty",0.0,0.0,0.17338184822129823,0,0,0.8266181517787018
45 - 54 Years,12 Years,Below Poverty,0.0,0.0,0.13127780150619078,0,0,0.8687221984938092
35 - 44 Years,Some College,"<= $75,000, Above Poverty",0.0,0.0,0.25239680214715016,0,0,0.7476031978528499
65+ Years,College Graduate,"<= $75,000, Above Poverty",0.0,0.0,0.42130185885607074,1,0,0.5786981411439293
65+ Years,Some College,"<= $75,000, Above Poverty",0.0,0.0,0.30827716836207036,0,0,0.6917228316379296
18 - 34 Years,Some College,"<= $75,000, Above Poverty",0.0,0.0,0.21117929813201214,0,0,0.7888207018679878
35 - 44 Years,Some College,Below Poverty,0.0,0.0,0.663428840348351,1,0,0.33657115965164897
55 - 64 Years,College Graduate,"> $75,000",1.0,1.0,0.9165758845718881,1,0,0.0834241154281119
18 - 34 Years,12 Years,"<= $75,000, Above Poverty",0.0,0.0,0.2668018488757705,0,0,0.7331981511242295
18 - 34 Years,College Graduate,"> $75,000",0.0,1.0,0.21914239850272113,0,1,0.7808576014972789
45 - 54 Years,Some College,"> $75,000",1.0,0.0,0.8915740103626832,1,1,0.10842598963731676
35 - 44 Years,12 Years,"<= $75,000, Above Poverty",0.0,1.0,0.677193331798168,1,0,0.322806668201832
35 - 44 Years,College Graduate,"<= $75,000, Above Poverty",0.0,0.0,0.2960355602722526,0,0,0.7039644397277474
45 - 54 Years,College Graduate,"<= $75,000, Above Poverty",1.0,0.0,0.9226213349607166,1,1,0.07737866503928337
18 - 34 Years,12 Years,"<= $75,000, Above Poverty",1.0,1.0,0.784988527218845,1,0,0.21501147278115496
45 - 54 Years,12 Years,"<= $75,000, Above Poverty",0.0,0.0,0.2923612039269364,0,1,0.7076387960730637
45 - 54 Years,12 Years,"<= $75,000, Above Poverty",0.0,0.0,0.28285772558361566,0,0,0.7171422744163843
65+ Years,12 Years,"<= $75,000, Above Poverty",1.0,0.0,0.7548300028618312,1,1,0.24516999713816878
45 - 54 Years,Some College,"<= $75,000, Above Poverty",0.0,1.0,0.705413621102044,1,0,0.294586378897956
18 - 34 Years,< 12 Years,"<= $75,000, Above Poverty",0.0,0.0,0.13546087702610488,0,0,0.8645391229738951
65+ Years,Some College,"<= $75,000, Above Poverty",0.0,0.0,0.30506162980068086,0,0,0.6949383701993191
45 - 54 Years,College Graduate,"> $75,000",0.0,0.0,0.32908753663895357,0,0,0.6709124633610464
35 - 44 Years,College Graduate,"> $75,000",0.0,0.0,0.04184398135081182,0,0,0.9581560186491882
45 - 54 Years,12 Years,Below Poverty,0.0,0.0,0.11079427883774623,0,0,0.8892057211622537
18 - 34 Years,12 Years,"<= $75,000, Above Poverty",1.0,0.0,0.6996425627308327,1,0,0.3003574372691673
65+ Years,Some College,"<= $75,000, Above Poverty",0.0,0.0,0.5004182949423295,1,1,0.4995817050576705
65+ Years,Some College,"<= $75,000, Above Poverty",0.0,0.0,0.38978998756160066,0,1,0.6102100124383993
45 - 54 Years,< 12 Years,Below Poverty,0.0,0.0,0.299570184507792,0,0,0.700429815492208
65+ Years,< 12 Years,"<= $75,000, Above Poverty",0.0,0.0,0.5669646667380392,1,0,0.43303533326196075
65+ Years,Some College,"<= $75,000, Above Poverty",0.0,0.0,0.4356320815024765,1,1,0.5643679184975234
45 - 54 Years,Some College,"> $75,000",0.0,0.0,0.0644188911923507,0,0,0.9355811088076493
45 - 54 Years,12 Years,"<= $75,000, Above Poverty",0.0,0.0,0.17470470316292816,0,0,0.8252952968370718
45 - 54 Years,College Graduate,"<= $75,000, Above Poverty",1.0,0.0,0.8093471295960614,1,1,0.19065287040393863
18 - 34 Years,Some College,"<= $75,000, Above Poverty",0.0,0.0,0.20381576547631255,0,0,0.7961842345236875
55 - 64 Years,Some College,Below Poverty,0.0,0.0,0.15641921077577964,0,0,0.8435807892242204
65+ Years,Some College,"<= $75,000, Above Poverty",1.0,0.0,0.5009300542954811,1,1,0.4990699457045189
55 - 64 Years,< 12 Years,Below Poverty,0.0,0.0,0.5051649792078357,1,1,0.49483502079216435
45 - 54 Years,< 12 Years,"<= $75,000, Above Poverty",0.0,0.0,0.11612463059724447,0,0,0.8838753694027556
35 - 44 Years,Some College,"<= $75,000, Above Poverty",0.0,0.0,0.19097773830153927,0,0,0.8090222616984607
45 - 54 Years,College Graduate,"<= $75,000, Above Poverty",0.0,0.0,0.21421097225046284,0,0,0.7857890277495372
55 - 64 Years,< 12 Years,"<= $75,000, Above Poverty",0.0,0.0,0.07770477387111659,0,0,0.9222952261288834
55 - 64 Years,12 Years,"<= $75,000, Above Poverty",1.0,0.0,0.8093483056450991,1,1,0.19065169435490092
55 - 64 Years,12 Years,"> $75,000",0.0,0.0,0.4734456346586258,1,0,0.5265543653413742
35 - 44 Years,< 12 Years,Below Poverty,1.0,0.0,0.9324724875710874,1,1,0.06752751242891264
45 - 54 Years,12 Years,"<= $75,000, Above Poverty",0.0,0.0,0.2531186301832415,0,0,0.7468813698167585
45 - 54 Years,College Graduate,"<= $75,000, Above Poverty",0.0,0.0,0.043269149317719274,0,0,0.9567308506822807
45 - 54 Years,College Graduate,"> $75,000",0.0,0.0,0.3183594017068174,0,0,0.6816405982931826
55 - 64 Years,College Graduate,"> $75,000",0.0,0.0,0.17151231462418645,0,0,0.8284876853758135
18 - 34 Years,< 12 Years,"<= $75,000, Above Poverty",0.0,0.0,0.21355872721490135,0,0,0.7864412727850987
65+ Years,12 Years,"<= $75,000, Above Poverty",1.0,0.0,0.721835840639919,1,1,0.278164159360081
35 - 44 Years,Some College,"<= $75,000, Above Poverty",0.0,0.0,0.20113652530344608,0,0,0.7988634746965539
65+ Years,Some College,"<= $75,000, Above Poverty",0.0,0.0,0.19359262666227162,0,0,0.8064073733377284
65+ Years,College Graduate,"> $75,000",0.0,0.0,0.621407532293882,1,1,0.378592467706118
18 - 34 Years,Some College,"<= $75,000, Above Poverty",1.0,1.0,0.9138617859735955,1,0,0.08613821402640454
65+ Years,12 Years,"<= $75,000, Above Poverty",0.0,0.0,0.4144487274087761,1,0,0.585551272591224
55 - 64 Years,College Graduate,"<= $75,000, Above Poverty",0.0,0.0,0.5022528520583002,1,0,0.49774714794169983
18 - 34 Years,College Graduate,"<= $75,000, Above Poverty",0.0,0.0,0.2710959966568405,0,0,0.7289040033431595
55 - 64 Years,12 Years,"<= $75,000, Above Poverty",0.0,0.0,0.13442201894015307,0,0,0.865577981059847
35 - 44 Years,College Graduate,"> $75,000",0.0,0.0,0.3755953373943278,0,0,0.6244046626056722
18 - 34 Years,College Graduate,"> $75,000",0.0,0.0,0.28302359730769727,0,0,0.7169764026923027
35 - 44 Years,12 Years,"<= $75,000, Above Poverty",0.0,0.0,0.1466331867061737,0,1,0.8533668132938264
35 - 44 Years,College Graduate,"> $75,000",1.0,0.0,0.7520504316253593,1,1,0.24794956837464066
55 - 64 Years,College Graduate,Below Poverty,0.0,0.0,0.5227002150419726,1,0,0.4772997849580274
65+ Years,College Graduate,"<= $75,000, Above Poverty",0.0,0.0,0.5583415886853724,1,0,0.4416584113146276
55 - 64 Years,College Graduate,"> $75,000",0.0,0.0,0.49912554274155946,1,1,0.5008744572584405
65+ Years,Some College,"<= $75,000, Above Poverty",0.0,0.0,0.6547708729375599,1,1,0.34522912706244013
35 - 44 Years,12 Years,"> $75,000",0.0,0.0,0.15339399970008005,0,0,0.84660600029992
18 - 34 Years,12 Years,Below Poverty,0.0,0.0,0.35312676414767435,0,0,0.6468732358523257
55 - 64 Years,College Graduate,"<= $75,000, Above Poverty",0.0,0.0,0.3372151487901428,0,0,0.6627848512098572
35 - 44 Years,College Graduate,"<= $75,000, Above Poverty",0.0,0.0,0.20980134466259912,0,0,0.7901986553374009
18 - 34 Years,12 Years,Below Poverty,0.0,0.0,0.24830015103769804,0,0,0.7516998489623019
65+ Years,12 Years,Below Poverty,0.0,0.0,0.18179079541436038,0,0,0.8182092045856396
18 - 34 Years,College Graduate,"> $75,000",0.0,0.0,0.4229369248908255,1,0,0.5770630751091745
18 - 34 Years,College Graduate,"<= $75,000, Above Poverty",0.0,0.0,0.4029101226902458,1,0,0.5970898773097542
65+ Years,12 Years,"<= $75,000, Above Poverty",1.0,0.0,0.8066842405302572,1,0,0.19331575946974278
65+ Years,< 12 Years,"<= $75,000, Above Poverty",0.0,0.0,0.10182056709373956,0,0,0.8981794329062605
45 - 54 Years,Some College,"> $75,000",0.0,1.0,0.7185138657290837,1,0,0.2814861342709163
65+ Years,College Graduate,"<= $75,000, Above Poverty",1.0,0.0,0.8879485340246347,1,1,0.1120514659753653
65+ Years,12 Years,"<= $75,000, Above Poverty",0.0,0.0,0.39373401873595987,0,0,0.6062659812640401
35 - 44 Years,Some College,"<= $75,000, Above Poverty",0.0,0.0,0.19967820699102123,0,0,0.8003217930089788
65+ Years,College Graduate,"> $75,000",1.0,0.0,0.8318935173232379,1,1,0.1681064826767621
55 - 64 Years,Some College,"<= $75,000, Above Poverty",0.0,0.0,0.5262704127364883,1,0,0.47372958726351166
55 - 64 Years,College Graduate,"> $75,000",0.0,0.0,0.6901618251075802,1,1,0.3098381748924198
35 - 44 Years,College Graduate,"> $75,000",1.0,1.0,0.7875697361246559,1,0,0.21243026387534414
55 - 64 Years,12 Years,"<= $75,000, Above Poverty",1.0,0.0,0.809189472995758,1,1,0.19081052700424195
65+ Years,Some College,"<= $75,000, Above Poverty",0.0,0.0,0.22710453446858805,0,0,0.772895465531412
65+ Years,12 Years,"<= $75,000, Above Poverty",0.0,0.0,0.4406300498581914,1,0,0.5593699501418086
35 - 44 Years,College Graduate,"> $75,000",1.0,1.0,0.9743699123073719,1,1,0.02563008769262809
65+ Years,12 Years,"<= $75,000, Above Poverty",0.0,0.0,0.41819115033630566,1,0,0.5818088496636944
18 - 34 Years,College Graduate,"<= $75,000, Above Poverty",0.0,1.0,0.6077648094522471,1,0,0.3922351905477529
18 - 34 Years,Some College,"<= $75,000, Above Poverty",1.0,0.0,0.6233212271593026,1,0,0.3766787728406974
18 - 34 Years,College Graduate,"> $75,000",0.0,0.0,0.6901282654405761,1,0,0.30987173455942385
18 - 34 Years,College Graduate,"> $75,000",0.0,0.0,0.3072553869850853,0,0,0.6927446130149146
65+ Years,College Graduate,"> $75,000",0.0,0.0,0.3449340637485362,0,0,0.6550659362514638
65+ Years,12 Years,"<= $75,000, Above Poverty",0.0,0.0,0.4664407311861177,1,0,0.5335592688138824
55 - 64 Years,College Graduate,"<= $75,000, Above Poverty",0.0,0.0,0.36238892242421616,0,0,0.6376110775757838
45 - 54 Years,< 12 Years,"<= $75,000, Above Poverty",1.0,0.0,0.8014867939375032,1,0,0.19851320606249678
35 - 44 Years,College Graduate,"<= $75,000, Above Poverty",0.0,0.0,0.4410894759799769,1,1,0.5589105240200232
55 - 64 Years,< 12 Years,"<= $75,000, Above Poverty",0.0,0.0,0.12742637603775842,0,0,0.8725736239622416
18 - 34 Years,12 Years,Below Poverty,0.0,0.0,0.22287354494355477,0,0,0.7771264550564452
65+ Years,Some College,"<= $75,000, Above Poverty",0.0,0.0,0.12287262251455763,0,0,0.8771273774854423
55 - 64 Years,College Graduate,"<= $75,000, Above Poverty",0.0,0.0,0.38018567315912344,0,1,0.6198143268408766
18 - 34 Years,12 Years,Below Poverty,0.0,0.0,0.26225798651717647,0,0,0.7377420134828235
35 - 44 Years,Some College,Below Poverty,0.0,0.0,0.3811106727098209,0,0,0.6188893272901791
18 - 34 Years,< 12 Years,"<= $75,000, Above Poverty",0.0,0.0,0.4872682088416369,1,0,0.5127317911583631
45 - 54 Years,< 12 Years,"<= $75,000, Above Poverty",0.0,0.0,0.14273112857090223,0,0,0.8572688714290978
18 - 34 Years,Some College,"<= $75,000, Above Poverty",0.0,0.0,0.6965093030414196,1,0,0.30349069695858044
35 - 44 Years,College Graduate,"> $75,000",0.0,0.0,0.35819304656595424,0,0,0.6418069534340458
45 - 54 Years,12 Years,"<= $75,000, Above Poverty",1.0,0.0,0.48980779063376595,1,0,0.5101922093662341
35 - 44 Years,Some College,"<= $75,000, Above Poverty",0.0,0.0,0.05670086402897588,0,0,0.9432991359710241
55 - 64 Years,12 Years,"> $75,000",1.0,0.0,0.7629995099983571,1,1,0.23700049000164292
65+ Years,< 12 Years,Below Poverty,0.0,0.0,0.23405645677288378,0,0,0.7659435432271162
45 - 54 Years,College Graduate,"<= $75,000, Above Poverty",0.0,0.0,0.1381050651624977,0,0,0.8618949348375022
45 - 54 Years,College Graduate,"<= $75,000, Above Poverty",0.0,0.0,0.1963249708856324,0,1,0.8036750291143676
65+ Years,12 Years,"<= $75,000, Above Poverty",0.0,1.0,0.818327076517794,1,0,0.18167292348220598
35 - 44 Years,12 Years,"<= $75,000, Above Poverty",0.0,0.0,0.2699715295124396,0,0,0.7300284704875604
18 - 34 Years,College Graduate,"> $75,000",0.0,0.0,0.6118961488114102,1,0,0.3881038511885898
18 - 34 Years,College Graduate,"<= $75,000, Above Poverty",0.0,1.0,0.4340176943955704,1,0,0.5659823056044295
65+ Years,Some College,"<= $75,000, Above Poverty",0.0,0.0,0.218613658378332,0,0,0.781386341621668
55 - 64 Years,12 Years,"> $75,000",0.0,0.0,0.09698807026323727,0,0,0.9030119297367627
65+ Years,College Graduate,"> $75,000",0.0,0.0,0.42389279673563734,1,0,0.5761072032643626
55 - 64 Years,Some College,"<= $75,000, Above Poverty",0.0,0.0,0.16806295800221527,0,0,0.8319370419977847
45 - 54 Years,12 Years,"> $75,000",0.0,0.0,0.2851762362983134,0,0,0.7148237637016865
55 - 64 Years,College Graduate,"> $75,000",0.0,0.0,0.47659250330246683,1,0,0.5234074966975332
35 - 44 Years,College Graduate,"> $75,000",1.0,0.0,0.8960726131276353,1,0,0.10392738687236469
45 - 54 Years,College Graduate,"> $75,000",0.0,0.0,0.19918979228522618,0,0,0.8008102077147738
18 - 34 Years,12 Years,"<= $75,000, Above Poverty",1.0,0.0,0.524444663639208,1,1,0.47555533636079195
45 - 54 Years,Some College,"> $75,000",0.0,0.0,0.06603618733540362,0,0,0.9339638126645964
65+ Years,Some College,"<= $75,000, Above Poverty",0.0,0.0,0.340746010142597,0,0,0.659253989857403
35 - 44 Years,College Graduate,"> $75,000",0.0,0.0,0.257829777499488,0,0,0.742170222500512
65+ Years,Some College,"> $75,000",0.0,0.0,0.3730888441796686,0,0,0.6269111558203314
65+ Years,12 Years,Below Poverty,0.0,0.0,0.350403432961565,0,0,0.6495965670384349
18 - 34 Years,College Graduate,"<= $75,000, Above Poverty",0.0,0.0,0.3095033732846211,0,0,0.6904966267153789
18 - 34 Years,12 Years,Below Poverty,0.0,0.0,0.06498538706255116,0,0,0.9350146129374488
65+ Years,12 Years,"<= $75,000, Above Poverty",0.0,0.0,0.47285129752812655,1,1,0.5271487024718735
65+ Years,Some College,"<= $75,000, Above Poverty",0.0,0.0,0.13048766372711057,0,0,0.8695123362728894
18 - 34 Years,< 12 Years,"<= $75,000, Above Poverty",0.0,0.0,0.25452176042872254,0,0,0.7454782395712775
45 - 54 Years,College Graduate,"> $75,000",0.0,0.0,0.476645828963323,1,0,0.5233541710366769
45 - 54 Years,12 Years,"<= $75,000, Above Poverty",0.0,0.0,0.23472175516163338,0,1,0.7652782448383666
55 - 64 Years,12 Years,Below Poverty,1.0,0.0,0.7002783948072276,1,0,0.29972160519277236
65+ Years,College Graduate,"<= $75,000, Above Poverty",0.0,0.0,0.4924000203698807,1,0,0.5075999796301194
45 - 54 Years,< 12 Years,Below Poverty,1.0,0.0,0.8310315756312161,1,1,0.1689684243687839
65+ Years,College Graduate,"> $75,000",1.0,0.0,0.8908187892061111,1,1,0.10918121079388887
65+ Years,College Graduate,"> $75,000",0.0,0.0,0.3960919214289093,0,0,0.6039080785710906
65+ Years,< 12 Years,Below Poverty,0.0,0.0,0.5198435241433695,1,1,0.48015647585663046
65+ Years,Some College,"<= $75,000, Above Poverty",0.0,0.0,0.30749577291428204,0,0,0.692504227085718
45 - 54 Years,Some College,"> $75,000",0.0,0.0,0.4095329649503084,1,0,0.5904670350496917
65+ Years,College Graduate,"<= $75,000, Above Poverty",0.0,0.0,0.23270884094580724,0,0,0.7672911590541928
18 - 34 Years,12 Years,Below Poverty,0.0,0.0,0.2459823621829699,0,1,0.7540176378170301
35 - 44 Years,College Graduate,"> $75,000",0.0,1.0,0.4890851780815168,1,0,0.5109148219184831
35 - 44 Years,Some College,"<= $75,000, Above Poverty",0.0,0.0,0.5255863216809115,1,0,0.47441367831908854
55 - 64 Years,12 Years,"> $75,000",0.0,0.0,0.295935476891421,0,0,0.7040645231085789
35 - 44 Years,College Graduate,"> $75,000",0.0,0.0,0.5672455321857459,1,0,0.4327544678142541
55 - 64 Years,College Graduate,"> $75,000",0.0,0.0,0.16446772928306166,0,0,0.8355322707169384
45 - 54 Years,College Graduate,"> $75,000",0.0,0.0,0.25972035149001954,0,0,0.7402796485099805
45 - 54 Years,College Graduate,"> $75,000",0.0,0.0,0.4034389641443627,1,0,0.5965610358556372
45 - 54 Years,College Graduate,"<= $75,000, Above Poverty",0.0,0.0,0.16650117881489618,0,0,0.8334988211851038
55 - 64 Years,Some College,"> $75,000",1.0,0.0,0.520916386765296,1,1,0.47908361323470405
18 - 34 Years,Some College,"<= $75,000, Above Poverty",1.0,0.0,0.75222213611962,1,1,0.24777786388038003
55 - 64 Years,12 Years,"<= $75,000, Above Poverty",0.0,1.0,0.44752754109415277,1,0,0.5524724589058472
45 - 54 Years,College Graduate,"<= $75,000, Above Poverty",0.0,0.0,0.16490798505658893,0,0,0.8350920149434111
45 - 54 Years,College Graduate,"> $75,000",1.0,0.0,0.5683161465293823,1,1,0.43168385347061766
45 - 54 Years,Some College,"<= $75,000, Above Poverty",0.0,0.0,0.3121545207424179,0,0,0.6878454792575821
18 - 34 Years,12 Years,"> $75,000",0.0,0.0,0.3200303850629677,0,0,0.6799696149370322
55 - 64 Years,12 Years,"<= $75,000, Above Poverty",0.0,0.0,0.7999496683172331,1,1,0.20005033168276687
65+ Years,12 Years,"<= $75,000, Above Poverty",0.0,0.0,0.31861371964122226,0,0,0.6813862803587778
55 - 64 Years,12 Years,"<= $75,000, Above Poverty",0.0,0.0,0.3697484763460936,0,0,0.6302515236539064
55 - 64 Years,College Graduate,"> $75,000",0.0,0.0,0.20761354257078693,0,0,0.7923864574292131
45 - 54 Years,12 Years,"<= $75,000, Above Poverty",0.0,0.0,0.5582566483271062,1,0,0.4417433516728938
55 - 64 Years,College Graduate,"<= $75,000, Above Poverty",0.0,0.0,0.6807443920748132,1,0,0.3192556079251868
65+ Years,College Graduate,"<= $75,000, Above Poverty",0.0,0.0,0.27258853140680844,0,0,0.7274114685931916
65+ Years,College Graduate,"<= $75,000, Above Poverty",0.0,0.0,0.46474036642772093,1,0,0.535259633572279
35 - 44 Years,College Graduate,"<= $75,000, Above Poverty",0.0,0.0,0.18617232033897205,0,0,0.813827679661028
18 - 34 Years,College Graduate,"<= $75,000, Above Poverty",0.0,0.0,0.2524135814939181,0,0,0.7475864185060819
45 - 54 Years,College Graduate,"<= $75,000, Above Poverty",0.0,0.0,0.14546496865360636,0,0,0.8545350313463936
35 - 44 Years,College Graduate,"<= $75,000, Above Poverty",0.0,0.0,0.24170294911335768,0,0,0.7582970508866423
45 - 54 Years,College Graduate,"> $75,000",0.0,0.0,0.2458959050034652,0,0,0.7541040949965347
65+ Years,12 Years,"<= $75,000, Above Poverty",1.0,0.0,0.9080699871629246,1,0,0.09193001283707536
18 - 34 Years,College Graduate,"<= $75,000, Above Poverty",0.0,0.0,0.337615698911889,0,1,0.662384301088111
18 - 34 Years,12 Years,Below Poverty,0.0,0.0,0.3663483317554594,0,0,0.6336516682445406
35 - 44 Years,< 12 Years,"<= $75,000, Above Poverty",0.0,0.0,0.11318048147885251,0,0,0.8868195185211475
55 - 64 Years,College Graduate,"<= $75,000, Above Poverty",0.0,0.0,0.318594222375849,0,1,0.681405777624151
55 - 64 Years,Some College,"<= $75,000, Above Poverty",1.0,0.0,0.937220909312336,1,1,0.06277909068766396
55 - 64 Years,College Graduate,"> $75,000",0.0,0.0,0.3933041381973092,0,0,0.6066958618026908
35 - 44 Years,College Graduate,"<= $75,000, Above Poverty",0.0,0.0,0.26536930739581044,0,0,0.7346306926041896
65+ Years,College Graduate,"> $75,000",0.0,0.0,0.361123052537333,0,0,0.638876947462667
35 - 44 Years,< 12 Years,"<= $75,000, Above Poverty",0.0,0.0,0.2050972091594506,0,0,0.7949027908405494
65+ Years,College Graduate,"<= $75,000, Above Poverty",0.0,0.0,0.14370525940349882,0,0,0.8562947405965011
45 - 54 Years,< 12 Years,Below Poverty,0.0,0.0,0.31993083213085927,0,0,0.6800691678691407
45 - 54 Years,College Graduate,"> $75,000",1.0,0.0,0.908903536189919,1,1,0.09109646381008096
18 - 34 Years,Some College,"<= $75,000, Above Poverty",0.0,1.0,0.17900196436672927,0,0,0.8209980356332707
65+ Years,College Graduate,"<= $75,000, Above Poverty",1.0,0.0,0.663768349224372,1,1,0.336231650775628
55 - 64 Years,College Graduate,"> $75,000",1.0,0.0,0.9378571265336286,1,1,0.06214287346637137
35 - 44 Years,College Graduate,"> $75,000",0.0,1.0,0.37122781431959423,0,0,0.6287721856804058
45 - 54 Years,12 Years,"> $75,000",0.0,0.0,0.14534538695663665,0,0,0.8546546130433633
